+ 0.2 0 1 tcp 40 ------- 0 0.0 1.0 0 0
- 0.2 0 1 tcp 40 ------- 0 0.0 1.0 0 0
r 0.205267 0 1 tcp 40 ------- 0 0.0 1.0 0 0
+ 0.205267 1 0 ack 40 ------- 0 1.0 0.0 0 1
- 0.205267 1 0 ack 40 ------- 0 1.0 0.0 0 1
r 0.210533 1 0 ack 40 ------- 0 1.0 0.0 0 1
+ 0.210533 0 1 tcp 1040 ------- 0 0.0 1.0 1 2
- 0.210533 0 1 tcp 1040 ------- 0 0.0 1.0 1 2
+ 0.210533 0 1 tcp 1040 ------- 0 0.0 1.0 2 3
- 0.217467 0 1 tcp 1040 ------- 0 0.0 1.0 2 3
r 0.222467 0 1 tcp 1040 ------- 0 0.0 1.0 1 2
+ 0.222467 1 0 ack 40 ------- 0 1.0 0.0 1 4
- 0.222467 1 0 ack 40 ------- 0 1.0 0.0 1 4
r 0.227733 1 0 ack 40 ------- 0 1.0 0.0 1 4
+ 0.227733 0 1 tcp 1040 ------- 0 0.0 1.0 3 5
- 0.227733 0 1 tcp 1040 ------- 0 0.0 1.0 3 5
+ 0.227733 0 1 tcp 1040 ------- 0 0.0 1.0 4 6
r 0.2294 0 1 tcp 1040 ------- 0 0.0 1.0 2 3
+ 0.2294 1 0 ack 40 ------- 0 1.0 0.0 2 7
- 0.2294 1 0 ack 40 ------- 0 1.0 0.0 2 7
- 0.234667 0 1 tcp 1040 ------- 0 0.0 1.0 4 6
r 0.234667 1 0 ack 40 ------- 0 1.0 0.0 2 7
+ 0.234667 0 1 tcp 1040 ------- 0 0.0 1.0 5 8
+ 0.234667 0 1 tcp 1040 ------- 0 0.0 1.0 6 9
r 0.239667 0 1 tcp 1040 ------- 0 0.0 1.0 3 5
+ 0.239667 1 0 ack 40 ------- 0 1.0 0.0 3 10
- 0.239667 1 0 ack 40 ------- 0 1.0 0.0 3 10
- 0.2416 0 1 tcp 1040 ------- 0 0.0 1.0 5 8
r 0.244933 1 0 ack 40 ------- 0 1.0 0.0 3 10
+ 0.244933 0 1 tcp 1040 ------- 0 0.0 1.0 7 11
+ 0.244933 0 1 tcp 1040 ------- 0 0.0 1.0 8 12
r 0.2466 0 1 tcp 1040 ------- 0 0.0 1.0 4 6
+ 0.2466 1 0 ack 40 ------- 0 1.0 0.0 4 13
- 0.2466 1 0 ack 40 ------- 0 1.0 0.0 4 13
- 0.248533 0 1 tcp 1040 ------- 0 0.0 1.0 6 9
r 0.251867 1 0 ack 40 ------- 0 1.0 0.0 4 13
+ 0.251867 0 1 tcp 1040 ------- 0 0.0 1.0 9 14
+ 0.251867 0 1 tcp 1040 ------- 0 0.0 1.0 10 15
r 0.253533 0 1 tcp 1040 ------- 0 0.0 1.0 5 8
+ 0.253533 1 0 ack 40 ------- 0 1.0 0.0 5 16
- 0.253533 1 0 ack 40 ------- 0 1.0 0.0 5 16
- 0.255467 0 1 tcp 1040 ------- 0 0.0 1.0 7 11
r 0.2588 1 0 ack 40 ------- 0 1.0 0.0 5 16
+ 0.2588 0 1 tcp 1040 ------- 0 0.0 1.0 11 17
+ 0.2588 0 1 tcp 1040 ------- 0 0.0 1.0 12 18
r 0.260467 0 1 tcp 1040 ------- 0 0.0 1.0 6 9
+ 0.260467 1 0 ack 40 ------- 0 1.0 0.0 6 19
- 0.260467 1 0 ack 40 ------- 0 1.0 0.0 6 19
- 0.2624 0 1 tcp 1040 ------- 0 0.0 1.0 8 12
r 0.265733 1 0 ack 40 ------- 0 1.0 0.0 6 19
+ 0.265733 0 1 tcp 1040 ------- 0 0.0 1.0 13 20
+ 0.265733 0 1 tcp 1040 ------- 0 0.0 1.0 14 21
r 0.2674 0 1 tcp 1040 ------- 0 0.0 1.0 7 11
+ 0.2674 1 0 ack 40 ------- 0 1.0 0.0 7 22
- 0.2674 1 0 ack 40 ------- 0 1.0 0.0 7 22
- 0.269333 0 1 tcp 1040 ------- 0 0.0 1.0 9 14
r 0.272667 1 0 ack 40 ------- 0 1.0 0.0 7 22
+ 0.272667 0 1 tcp 1040 ------- 0 0.0 1.0 15 23
+ 0.272667 0 1 tcp 1040 ------- 0 0.0 1.0 16 24
r 0.274333 0 1 tcp 1040 ------- 0 0.0 1.0 8 12
+ 0.274333 1 0 ack 40 ------- 0 1.0 0.0 8 25
- 0.274333 1 0 ack 40 ------- 0 1.0 0.0 8 25
- 0.276267 0 1 tcp 1040 ------- 0 0.0 1.0 10 15
r 0.2796 1 0 ack 40 ------- 0 1.0 0.0 8 25
+ 0.2796 0 1 tcp 1040 ------- 0 0.0 1.0 17 26
+ 0.2796 0 1 tcp 1040 ------- 0 0.0 1.0 18 27
r 0.281267 0 1 tcp 1040 ------- 0 0.0 1.0 9 14
+ 0.281267 1 0 ack 40 ------- 0 1.0 0.0 9 28
- 0.281267 1 0 ack 40 ------- 0 1.0 0.0 9 28
- 0.2832 0 1 tcp 1040 ------- 0 0.0 1.0 11 17
r 0.286533 1 0 ack 40 ------- 0 1.0 0.0 9 28
+ 0.286533 0 1 tcp 1040 ------- 0 0.0 1.0 19 29
+ 0.286533 0 1 tcp 1040 ------- 0 0.0 1.0 20 30
r 0.2882 0 1 tcp 1040 ------- 0 0.0 1.0 10 15
+ 0.2882 1 0 ack 40 ------- 0 1.0 0.0 10 31
- 0.2882 1 0 ack 40 ------- 0 1.0 0.0 10 31
- 0.290133 0 1 tcp 1040 ------- 0 0.0 1.0 12 18
r 0.293467 1 0 ack 40 ------- 0 1.0 0.0 10 31
+ 0.293467 0 1 tcp 1040 ------- 0 0.0 1.0 21 32
+ 0.293467 0 1 tcp 1040 ------- 0 0.0 1.0 22 33
r 0.295133 0 1 tcp 1040 ------- 0 0.0 1.0 11 17
+ 0.295133 1 0 ack 40 ------- 0 1.0 0.0 11 34
- 0.295133 1 0 ack 40 ------- 0 1.0 0.0 11 34
- 0.297067 0 1 tcp 1040 ------- 0 0.0 1.0 13 20
r 0.3004 1 0 ack 40 ------- 0 1.0 0.0 11 34
+ 0.3004 0 1 tcp 1040 ------- 0 0.0 1.0 23 35
+ 0.3004 0 1 tcp 1040 ------- 0 0.0 1.0 24 36
r 0.302067 0 1 tcp 1040 ------- 0 0.0 1.0 12 18
+ 0.302067 1 0 ack 40 ------- 0 1.0 0.0 12 37
- 0.302067 1 0 ack 40 ------- 0 1.0 0.0 12 37
- 0.304 0 1 tcp 1040 ------- 0 0.0 1.0 14 21
r 0.307333 1 0 ack 40 ------- 0 1.0 0.0 12 37
+ 0.307333 0 1 tcp 1040 ------- 0 0.0 1.0 25 38
+ 0.307333 0 1 tcp 1040 ------- 0 0.0 1.0 26 39
r 0.309 0 1 tcp 1040 ------- 0 0.0 1.0 13 20
+ 0.309 1 0 ack 40 ------- 0 1.0 0.0 13 40
- 0.309 1 0 ack 40 ------- 0 1.0 0.0 13 40
- 0.310933 0 1 tcp 1040 ------- 0 0.0 1.0 15 23
r 0.314267 1 0 ack 40 ------- 0 1.0 0.0 13 40
+ 0.314267 0 1 tcp 1040 ------- 0 0.0 1.0 27 41
+ 0.314267 0 1 tcp 1040 ------- 0 0.0 1.0 28 42
r 0.315933 0 1 tcp 1040 ------- 0 0.0 1.0 14 21
+ 0.315933 1 0 ack 40 ------- 0 1.0 0.0 14 43
- 0.315933 1 0 ack 40 ------- 0 1.0 0.0 14 43
- 0.317867 0 1 tcp 1040 ------- 0 0.0 1.0 16 24
r 0.3212 1 0 ack 40 ------- 0 1.0 0.0 14 43
+ 0.3212 0 1 tcp 1040 ------- 0 0.0 1.0 29 44
+ 0.3212 0 1 tcp 1040 ------- 0 0.0 1.0 30 45
r 0.322867 0 1 tcp 1040 ------- 0 0.0 1.0 15 23
+ 0.322867 1 0 ack 40 ------- 0 1.0 0.0 15 46
- 0.322867 1 0 ack 40 ------- 0 1.0 0.0 15 46
- 0.3248 0 1 tcp 1040 ------- 0 0.0 1.0 17 26
r 0.328133 1 0 ack 40 ------- 0 1.0 0.0 15 46
+ 0.328133 0 1 tcp 1040 ------- 0 0.0 1.0 31 47
+ 0.328133 0 1 tcp 1040 ------- 0 0.0 1.0 32 48
r 0.3298 0 1 tcp 1040 ------- 0 0.0 1.0 16 24
+ 0.3298 1 0 ack 40 ------- 0 1.0 0.0 16 49
- 0.3298 1 0 ack 40 ------- 0 1.0 0.0 16 49
- 0.331733 0 1 tcp 1040 ------- 0 0.0 1.0 18 27
r 0.335067 1 0 ack 40 ------- 0 1.0 0.0 16 49
+ 0.335067 0 1 tcp 1040 ------- 0 0.0 1.0 33 50
+ 0.335067 0 1 tcp 1040 ------- 0 0.0 1.0 34 51
r 0.336733 0 1 tcp 1040 ------- 0 0.0 1.0 17 26
+ 0.336733 1 0 ack 40 ------- 0 1.0 0.0 17 52
- 0.336733 1 0 ack 40 ------- 0 1.0 0.0 17 52
- 0.338667 0 1 tcp 1040 ------- 0 0.0 1.0 19 29
r 0.342 1 0 ack 40 ------- 0 1.0 0.0 17 52
+ 0.342 0 1 tcp 1040 ------- 0 0.0 1.0 35 53
+ 0.342 0 1 tcp 1040 ------- 0 0.0 1.0 36 54
r 0.343667 0 1 tcp 1040 ------- 0 0.0 1.0 18 27
+ 0.343667 1 0 ack 40 ------- 0 1.0 0.0 18 55
- 0.343667 1 0 ack 40 ------- 0 1.0 0.0 18 55
- 0.3456 0 1 tcp 1040 ------- 0 0.0 1.0 20 30
r 0.348933 1 0 ack 40 ------- 0 1.0 0.0 18 55
+ 0.348933 0 1 tcp 1040 ------- 0 0.0 1.0 37 56
+ 0.348933 0 1 tcp 1040 ------- 0 0.0 1.0 38 57
r 0.3506 0 1 tcp 1040 ------- 0 0.0 1.0 19 29
+ 0.3506 1 0 ack 40 ------- 0 1.0 0.0 19 58
- 0.3506 1 0 ack 40 ------- 0 1.0 0.0 19 58
- 0.352533 0 1 tcp 1040 ------- 0 0.0 1.0 21 32
r 0.355867 1 0 ack 40 ------- 0 1.0 0.0 19 58
+ 0.355867 0 1 tcp 1040 ------- 0 0.0 1.0 39 59
r 0.357533 0 1 tcp 1040 ------- 0 0.0 1.0 20 30
+ 0.357533 1 0 ack 40 ------- 0 1.0 0.0 20 60
- 0.357533 1 0 ack 40 ------- 0 1.0 0.0 20 60
- 0.359467 0 1 tcp 1040 ------- 0 0.0 1.0 22 33
r 0.3628 1 0 ack 40 ------- 0 1.0 0.0 20 60
+ 0.3628 0 1 tcp 1040 ------- 0 0.0 1.0 40 61
r 0.364467 0 1 tcp 1040 ------- 0 0.0 1.0 21 32
+ 0.364467 1 0 ack 40 ------- 0 1.0 0.0 21 62
- 0.364467 1 0 ack 40 ------- 0 1.0 0.0 21 62
- 0.3664 0 1 tcp 1040 ------- 0 0.0 1.0 23 35
r 0.369733 1 0 ack 40 ------- 0 1.0 0.0 21 62
+ 0.369733 0 1 tcp 1040 ------- 0 0.0 1.0 41 63
r 0.3714 0 1 tcp 1040 ------- 0 0.0 1.0 22 33
+ 0.3714 1 0 ack 40 ------- 0 1.0 0.0 22 64
- 0.3714 1 0 ack 40 ------- 0 1.0 0.0 22 64
- 0.373333 0 1 tcp 1040 ------- 0 0.0 1.0 24 36
r 0.376667 1 0 ack 40 ------- 0 1.0 0.0 22 64
+ 0.376667 0 1 tcp 1040 ------- 0 0.0 1.0 42 65
r 0.378333 0 1 tcp 1040 ------- 0 0.0 1.0 23 35
+ 0.378333 1 0 ack 40 ------- 0 1.0 0.0 23 66
- 0.378333 1 0 ack 40 ------- 0 1.0 0.0 23 66
- 0.380267 0 1 tcp 1040 ------- 0 0.0 1.0 25 38
r 0.3836 1 0 ack 40 ------- 0 1.0 0.0 23 66
+ 0.3836 0 1 tcp 1040 ------- 0 0.0 1.0 43 67
r 0.385267 0 1 tcp 1040 ------- 0 0.0 1.0 24 36
+ 0.385267 1 0 ack 40 ------- 0 1.0 0.0 24 68
- 0.385267 1 0 ack 40 ------- 0 1.0 0.0 24 68
- 0.3872 0 1 tcp 1040 ------- 0 0.0 1.0 26 39
r 0.390533 1 0 ack 40 ------- 0 1.0 0.0 24 68
+ 0.390533 0 1 tcp 1040 ------- 0 0.0 1.0 44 69
r 0.3922 0 1 tcp 1040 ------- 0 0.0 1.0 25 38
+ 0.3922 1 0 ack 40 ------- 0 1.0 0.0 25 70
- 0.3922 1 0 ack 40 ------- 0 1.0 0.0 25 70
- 0.394133 0 1 tcp 1040 ------- 0 0.0 1.0 27 41
r 0.397467 1 0 ack 40 ------- 0 1.0 0.0 25 70
+ 0.397467 0 1 tcp 1040 ------- 0 0.0 1.0 45 71
r 0.399133 0 1 tcp 1040 ------- 0 0.0 1.0 26 39
+ 0.399133 1 0 ack 40 ------- 0 1.0 0.0 26 72
- 0.399133 1 0 ack 40 ------- 0 1.0 0.0 26 72
- 0.401067 0 1 tcp 1040 ------- 0 0.0 1.0 28 42
r 0.4044 1 0 ack 40 ------- 0 1.0 0.0 26 72
+ 0.4044 0 1 tcp 1040 ------- 0 0.0 1.0 46 73
r 0.406067 0 1 tcp 1040 ------- 0 0.0 1.0 27 41
+ 0.406067 1 0 ack 40 ------- 0 1.0 0.0 27 74
- 0.406067 1 0 ack 40 ------- 0 1.0 0.0 27 74
- 0.408 0 1 tcp 1040 ------- 0 0.0 1.0 29 44
r 0.411333 1 0 ack 40 ------- 0 1.0 0.0 27 74
+ 0.411333 0 1 tcp 1040 ------- 0 0.0 1.0 47 75
r 0.413 0 1 tcp 1040 ------- 0 0.0 1.0 28 42
+ 0.413 1 0 ack 40 ------- 0 1.0 0.0 28 76
- 0.413 1 0 ack 40 ------- 0 1.0 0.0 28 76
- 0.414933 0 1 tcp 1040 ------- 0 0.0 1.0 30 45
r 0.418267 1 0 ack 40 ------- 0 1.0 0.0 28 76
+ 0.418267 0 1 tcp 1040 ------- 0 0.0 1.0 48 77
r 0.419933 0 1 tcp 1040 ------- 0 0.0 1.0 29 44
+ 0.419933 1 0 ack 40 ------- 0 1.0 0.0 29 78
- 0.419933 1 0 ack 40 ------- 0 1.0 0.0 29 78
- 0.421867 0 1 tcp 1040 ------- 0 0.0 1.0 31 47
r 0.4252 1 0 ack 40 ------- 0 1.0 0.0 29 78
+ 0.4252 0 1 tcp 1040 ------- 0 0.0 1.0 49 79
r 0.426867 0 1 tcp 1040 ------- 0 0.0 1.0 30 45
+ 0.426867 1 0 ack 40 ------- 0 1.0 0.0 30 80
- 0.426867 1 0 ack 40 ------- 0 1.0 0.0 30 80
- 0.4288 0 1 tcp 1040 ------- 0 0.0 1.0 32 48
r 0.432133 1 0 ack 40 ------- 0 1.0 0.0 30 80
+ 0.432133 0 1 tcp 1040 ------- 0 0.0 1.0 50 81
r 0.4338 0 1 tcp 1040 ------- 0 0.0 1.0 31 47
+ 0.4338 1 0 ack 40 ------- 0 1.0 0.0 31 82
- 0.4338 1 0 ack 40 ------- 0 1.0 0.0 31 82
- 0.435733 0 1 tcp 1040 ------- 0 0.0 1.0 33 50
r 0.439067 1 0 ack 40 ------- 0 1.0 0.0 31 82
+ 0.439067 0 1 tcp 1040 ------- 0 0.0 1.0 51 83
r 0.440733 0 1 tcp 1040 ------- 0 0.0 1.0 32 48
+ 0.440733 1 0 ack 40 ------- 0 1.0 0.0 32 84
- 0.440733 1 0 ack 40 ------- 0 1.0 0.0 32 84
- 0.442667 0 1 tcp 1040 ------- 0 0.0 1.0 34 51
r 0.446 1 0 ack 40 ------- 0 1.0 0.0 32 84
+ 0.446 0 1 tcp 1040 ------- 0 0.0 1.0 52 85
r 0.447667 0 1 tcp 1040 ------- 0 0.0 1.0 33 50
+ 0.447667 1 0 ack 40 ------- 0 1.0 0.0 33 86
- 0.447667 1 0 ack 40 ------- 0 1.0 0.0 33 86
- 0.4496 0 1 tcp 1040 ------- 0 0.0 1.0 35 53
r 0.452933 1 0 ack 40 ------- 0 1.0 0.0 33 86
+ 0.452933 0 1 tcp 1040 ------- 0 0.0 1.0 53 87
r 0.4546 0 1 tcp 1040 ------- 0 0.0 1.0 34 51
+ 0.4546 1 0 ack 40 ------- 0 1.0 0.0 34 88
- 0.4546 1 0 ack 40 ------- 0 1.0 0.0 34 88
- 0.456533 0 1 tcp 1040 ------- 0 0.0 1.0 36 54
r 0.459867 1 0 ack 40 ------- 0 1.0 0.0 34 88
+ 0.459867 0 1 tcp 1040 ------- 0 0.0 1.0 54 89
r 0.461533 0 1 tcp 1040 ------- 0 0.0 1.0 35 53
+ 0.461533 1 0 ack 40 ------- 0 1.0 0.0 35 90
- 0.461533 1 0 ack 40 ------- 0 1.0 0.0 35 90
- 0.463467 0 1 tcp 1040 ------- 0 0.0 1.0 37 56
r 0.4668 1 0 ack 40 ------- 0 1.0 0.0 35 90
+ 0.4668 0 1 tcp 1040 ------- 0 0.0 1.0 55 91
r 0.468467 0 1 tcp 1040 ------- 0 0.0 1.0 36 54
+ 0.468467 1 0 ack 40 ------- 0 1.0 0.0 36 92
- 0.468467 1 0 ack 40 ------- 0 1.0 0.0 36 92
- 0.4704 0 1 tcp 1040 ------- 0 0.0 1.0 38 57
r 0.473733 1 0 ack 40 ------- 0 1.0 0.0 36 92
+ 0.473733 0 1 tcp 1040 ------- 0 0.0 1.0 56 93
r 0.4754 0 1 tcp 1040 ------- 0 0.0 1.0 37 56
+ 0.4754 1 0 ack 40 ------- 0 1.0 0.0 37 94
- 0.4754 1 0 ack 40 ------- 0 1.0 0.0 37 94
- 0.477333 0 1 tcp 1040 ------- 0 0.0 1.0 39 59
r 0.480667 1 0 ack 40 ------- 0 1.0 0.0 37 94
+ 0.480667 0 1 tcp 1040 ------- 0 0.0 1.0 57 95
r 0.482333 0 1 tcp 1040 ------- 0 0.0 1.0 38 57
+ 0.482333 1 0 ack 40 ------- 0 1.0 0.0 38 96
- 0.482333 1 0 ack 40 ------- 0 1.0 0.0 38 96
- 0.484267 0 1 tcp 1040 ------- 0 0.0 1.0 40 61
r 0.4876 1 0 ack 40 ------- 0 1.0 0.0 38 96
+ 0.4876 0 1 tcp 1040 ------- 0 0.0 1.0 58 97
r 0.489267 0 1 tcp 1040 ------- 0 0.0 1.0 39 59
+ 0.489267 1 0 ack 40 ------- 0 1.0 0.0 39 98
- 0.489267 1 0 ack 40 ------- 0 1.0 0.0 39 98
- 0.4912 0 1 tcp 1040 ------- 0 0.0 1.0 41 63
r 0.494533 1 0 ack 40 ------- 0 1.0 0.0 39 98
+ 0.494533 0 1 tcp 1040 ------- 0 0.0 1.0 59 99
r 0.4962 0 1 tcp 1040 ------- 0 0.0 1.0 40 61
+ 0.4962 1 0 ack 40 ------- 0 1.0 0.0 40 100
- 0.4962 1 0 ack 40 ------- 0 1.0 0.0 40 100
- 0.498133 0 1 tcp 1040 ------- 0 0.0 1.0 42 65
r 0.501467 1 0 ack 40 ------- 0 1.0 0.0 40 100
+ 0.501467 0 1 tcp 1040 ------- 0 0.0 1.0 60 101
r 0.503133 0 1 tcp 1040 ------- 0 0.0 1.0 41 63
+ 0.503133 1 0 ack 40 ------- 0 1.0 0.0 41 102
- 0.503133 1 0 ack 40 ------- 0 1.0 0.0 41 102
- 0.505067 0 1 tcp 1040 ------- 0 0.0 1.0 43 67
r 0.5084 1 0 ack 40 ------- 0 1.0 0.0 41 102
+ 0.5084 0 1 tcp 1040 ------- 0 0.0 1.0 61 103
r 0.510067 0 1 tcp 1040 ------- 0 0.0 1.0 42 65
+ 0.510067 1 0 ack 40 ------- 0 1.0 0.0 42 104
- 0.510067 1 0 ack 40 ------- 0 1.0 0.0 42 104
- 0.512 0 1 tcp 1040 ------- 0 0.0 1.0 44 69
r 0.515333 1 0 ack 40 ------- 0 1.0 0.0 42 104
+ 0.515333 0 1 tcp 1040 ------- 0 0.0 1.0 62 105
r 0.517 0 1 tcp 1040 ------- 0 0.0 1.0 43 67
+ 0.517 1 0 ack 40 ------- 0 1.0 0.0 43 106
- 0.517 1 0 ack 40 ------- 0 1.0 0.0 43 106
- 0.518933 0 1 tcp 1040 ------- 0 0.0 1.0 45 71
r 0.522267 1 0 ack 40 ------- 0 1.0 0.0 43 106
+ 0.522267 0 1 tcp 1040 ------- 0 0.0 1.0 63 107
r 0.523933 0 1 tcp 1040 ------- 0 0.0 1.0 44 69
+ 0.523933 1 0 ack 40 ------- 0 1.0 0.0 44 108
- 0.523933 1 0 ack 40 ------- 0 1.0 0.0 44 108
- 0.525867 0 1 tcp 1040 ------- 0 0.0 1.0 46 73
r 0.5292 1 0 ack 40 ------- 0 1.0 0.0 44 108
+ 0.5292 0 1 tcp 1040 ------- 0 0.0 1.0 64 109
r 0.530867 0 1 tcp 1040 ------- 0 0.0 1.0 45 71
+ 0.530867 1 0 ack 40 ------- 0 1.0 0.0 45 110
- 0.530867 1 0 ack 40 ------- 0 1.0 0.0 45 110
- 0.5328 0 1 tcp 1040 ------- 0 0.0 1.0 47 75
r 0.536133 1 0 ack 40 ------- 0 1.0 0.0 45 110
+ 0.536133 0 1 tcp 1040 ------- 0 0.0 1.0 65 111
r 0.5378 0 1 tcp 1040 ------- 0 0.0 1.0 46 73
+ 0.5378 1 0 ack 40 ------- 0 1.0 0.0 46 112
- 0.5378 1 0 ack 40 ------- 0 1.0 0.0 46 112
- 0.539733 0 1 tcp 1040 ------- 0 0.0 1.0 48 77
r 0.543067 1 0 ack 40 ------- 0 1.0 0.0 46 112
+ 0.543067 0 1 tcp 1040 ------- 0 0.0 1.0 66 113
r 0.544733 0 1 tcp 1040 ------- 0 0.0 1.0 47 75
+ 0.544733 1 0 ack 40 ------- 0 1.0 0.0 47 114
- 0.544733 1 0 ack 40 ------- 0 1.0 0.0 47 114
- 0.546667 0 1 tcp 1040 ------- 0 0.0 1.0 49 79
r 0.55 1 0 ack 40 ------- 0 1.0 0.0 47 114
+ 0.55 0 1 tcp 1040 ------- 0 0.0 1.0 67 115
r 0.551667 0 1 tcp 1040 ------- 0 0.0 1.0 48 77
+ 0.551667 1 0 ack 40 ------- 0 1.0 0.0 48 116
- 0.551667 1 0 ack 40 ------- 0 1.0 0.0 48 116
- 0.5536 0 1 tcp 1040 ------- 0 0.0 1.0 50 81
r 0.556933 1 0 ack 40 ------- 0 1.0 0.0 48 116
+ 0.556933 0 1 tcp 1040 ------- 0 0.0 1.0 68 117
r 0.5586 0 1 tcp 1040 ------- 0 0.0 1.0 49 79
+ 0.5586 1 0 ack 40 ------- 0 1.0 0.0 49 118
- 0.5586 1 0 ack 40 ------- 0 1.0 0.0 49 118
- 0.560533 0 1 tcp 1040 ------- 0 0.0 1.0 51 83
r 0.563867 1 0 ack 40 ------- 0 1.0 0.0 49 118
+ 0.563867 0 1 tcp 1040 ------- 0 0.0 1.0 69 119
r 0.565533 0 1 tcp 1040 ------- 0 0.0 1.0 50 81
+ 0.565533 1 0 ack 40 ------- 0 1.0 0.0 50 120
- 0.565533 1 0 ack 40 ------- 0 1.0 0.0 50 120
- 0.567467 0 1 tcp 1040 ------- 0 0.0 1.0 52 85
r 0.5708 1 0 ack 40 ------- 0 1.0 0.0 50 120
+ 0.5708 0 1 tcp 1040 ------- 0 0.0 1.0 70 121
r 0.572467 0 1 tcp 1040 ------- 0 0.0 1.0 51 83
+ 0.572467 1 0 ack 40 ------- 0 1.0 0.0 51 122
- 0.572467 1 0 ack 40 ------- 0 1.0 0.0 51 122
- 0.5744 0 1 tcp 1040 ------- 0 0.0 1.0 53 87
r 0.577733 1 0 ack 40 ------- 0 1.0 0.0 51 122
+ 0.577733 0 1 tcp 1040 ------- 0 0.0 1.0 71 123
r 0.5794 0 1 tcp 1040 ------- 0 0.0 1.0 52 85
+ 0.5794 1 0 ack 40 ------- 0 1.0 0.0 52 124
- 0.5794 1 0 ack 40 ------- 0 1.0 0.0 52 124
- 0.581333 0 1 tcp 1040 ------- 0 0.0 1.0 54 89
r 0.584667 1 0 ack 40 ------- 0 1.0 0.0 52 124
+ 0.584667 0 1 tcp 1040 ------- 0 0.0 1.0 72 125
r 0.586333 0 1 tcp 1040 ------- 0 0.0 1.0 53 87
+ 0.586333 1 0 ack 40 ------- 0 1.0 0.0 53 126
- 0.586333 1 0 ack 40 ------- 0 1.0 0.0 53 126
- 0.588267 0 1 tcp 1040 ------- 0 0.0 1.0 55 91
r 0.5916 1 0 ack 40 ------- 0 1.0 0.0 53 126
+ 0.5916 0 1 tcp 1040 ------- 0 0.0 1.0 73 127
r 0.593267 0 1 tcp 1040 ------- 0 0.0 1.0 54 89
+ 0.593267 1 0 ack 40 ------- 0 1.0 0.0 54 128
- 0.593267 1 0 ack 40 ------- 0 1.0 0.0 54 128
- 0.5952 0 1 tcp 1040 ------- 0 0.0 1.0 56 93
r 0.598533 1 0 ack 40 ------- 0 1.0 0.0 54 128
+ 0.598533 0 1 tcp 1040 ------- 0 0.0 1.0 74 129
r 0.6002 0 1 tcp 1040 ------- 0 0.0 1.0 55 91
+ 0.6002 1 0 ack 40 ------- 0 1.0 0.0 55 130
- 0.6002 1 0 ack 40 ------- 0 1.0 0.0 55 130
- 0.602133 0 1 tcp 1040 ------- 0 0.0 1.0 57 95
r 0.605467 1 0 ack 40 ------- 0 1.0 0.0 55 130
+ 0.605467 0 1 tcp 1040 ------- 0 0.0 1.0 75 131
r 0.607133 0 1 tcp 1040 ------- 0 0.0 1.0 56 93
+ 0.607133 1 0 ack 40 ------- 0 1.0 0.0 56 132
- 0.607133 1 0 ack 40 ------- 0 1.0 0.0 56 132
- 0.609067 0 1 tcp 1040 ------- 0 0.0 1.0 58 97
r 0.6124 1 0 ack 40 ------- 0 1.0 0.0 56 132
+ 0.6124 0 1 tcp 1040 ------- 0 0.0 1.0 76 133
r 0.614067 0 1 tcp 1040 ------- 0 0.0 1.0 57 95
+ 0.614067 1 0 ack 40 ------- 0 1.0 0.0 57 134
- 0.614067 1 0 ack 40 ------- 0 1.0 0.0 57 134
- 0.616 0 1 tcp 1040 ------- 0 0.0 1.0 59 99
r 0.619333 1 0 ack 40 ------- 0 1.0 0.0 57 134
+ 0.619333 0 1 tcp 1040 ------- 0 0.0 1.0 77 135
r 0.621 0 1 tcp 1040 ------- 0 0.0 1.0 58 97
+ 0.621 1 0 ack 40 ------- 0 1.0 0.0 58 136
- 0.621 1 0 ack 40 ------- 0 1.0 0.0 58 136
- 0.622933 0 1 tcp 1040 ------- 0 0.0 1.0 60 101
r 0.626267 1 0 ack 40 ------- 0 1.0 0.0 58 136
+ 0.626267 0 1 tcp 1040 ------- 0 0.0 1.0 78 137
r 0.627933 0 1 tcp 1040 ------- 0 0.0 1.0 59 99
+ 0.627933 1 0 ack 40 ------- 0 1.0 0.0 59 138
- 0.627933 1 0 ack 40 ------- 0 1.0 0.0 59 138
- 0.629867 0 1 tcp 1040 ------- 0 0.0 1.0 61 103
r 0.6332 1 0 ack 40 ------- 0 1.0 0.0 59 138
+ 0.6332 0 1 tcp 1040 ------- 0 0.0 1.0 79 139
r 0.634867 0 1 tcp 1040 ------- 0 0.0 1.0 60 101
+ 0.634867 1 0 ack 40 ------- 0 1.0 0.0 60 140
- 0.634867 1 0 ack 40 ------- 0 1.0 0.0 60 140
- 0.6368 0 1 tcp 1040 ------- 0 0.0 1.0 62 105
r 0.640133 1 0 ack 40 ------- 0 1.0 0.0 60 140
+ 0.640133 0 1 tcp 1040 ------- 0 0.0 1.0 80 141
r 0.6418 0 1 tcp 1040 ------- 0 0.0 1.0 61 103
+ 0.6418 1 0 ack 40 ------- 0 1.0 0.0 61 142
- 0.6418 1 0 ack 40 ------- 0 1.0 0.0 61 142
- 0.643733 0 1 tcp 1040 ------- 0 0.0 1.0 63 107
r 0.647067 1 0 ack 40 ------- 0 1.0 0.0 61 142
+ 0.647067 0 1 tcp 1040 ------- 0 0.0 1.0 81 143
r 0.648733 0 1 tcp 1040 ------- 0 0.0 1.0 62 105
+ 0.648733 1 0 ack 40 ------- 0 1.0 0.0 62 144
- 0.648733 1 0 ack 40 ------- 0 1.0 0.0 62 144
- 0.650667 0 1 tcp 1040 ------- 0 0.0 1.0 64 109
r 0.654 1 0 ack 40 ------- 0 1.0 0.0 62 144
+ 0.654 0 1 tcp 1040 ------- 0 0.0 1.0 82 145
r 0.655667 0 1 tcp 1040 ------- 0 0.0 1.0 63 107
+ 0.655667 1 0 ack 40 ------- 0 1.0 0.0 63 146
- 0.655667 1 0 ack 40 ------- 0 1.0 0.0 63 146
- 0.6576 0 1 tcp 1040 ------- 0 0.0 1.0 65 111
r 0.660933 1 0 ack 40 ------- 0 1.0 0.0 63 146
+ 0.660933 0 1 tcp 1040 ------- 0 0.0 1.0 83 147
r 0.6626 0 1 tcp 1040 ------- 0 0.0 1.0 64 109
+ 0.6626 1 0 ack 40 ------- 0 1.0 0.0 64 148
- 0.6626 1 0 ack 40 ------- 0 1.0 0.0 64 148
- 0.664533 0 1 tcp 1040 ------- 0 0.0 1.0 66 113
r 0.667867 1 0 ack 40 ------- 0 1.0 0.0 64 148
+ 0.667867 0 1 tcp 1040 ------- 0 0.0 1.0 84 149
r 0.669533 0 1 tcp 1040 ------- 0 0.0 1.0 65 111
+ 0.669533 1 0 ack 40 ------- 0 1.0 0.0 65 150
- 0.669533 1 0 ack 40 ------- 0 1.0 0.0 65 150
- 0.671467 0 1 tcp 1040 ------- 0 0.0 1.0 67 115
r 0.6748 1 0 ack 40 ------- 0 1.0 0.0 65 150
+ 0.6748 0 1 tcp 1040 ------- 0 0.0 1.0 85 151
r 0.676467 0 1 tcp 1040 ------- 0 0.0 1.0 66 113
+ 0.676467 1 0 ack 40 ------- 0 1.0 0.0 66 152
- 0.676467 1 0 ack 40 ------- 0 1.0 0.0 66 152
- 0.6784 0 1 tcp 1040 ------- 0 0.0 1.0 68 117
r 0.681733 1 0 ack 40 ------- 0 1.0 0.0 66 152
+ 0.681733 0 1 tcp 1040 ------- 0 0.0 1.0 86 153
r 0.6834 0 1 tcp 1040 ------- 0 0.0 1.0 67 115
+ 0.6834 1 0 ack 40 ------- 0 1.0 0.0 67 154
- 0.6834 1 0 ack 40 ------- 0 1.0 0.0 67 154
- 0.685333 0 1 tcp 1040 ------- 0 0.0 1.0 69 119
r 0.688667 1 0 ack 40 ------- 0 1.0 0.0 67 154
+ 0.688667 0 1 tcp 1040 ------- 0 0.0 1.0 87 155
r 0.690333 0 1 tcp 1040 ------- 0 0.0 1.0 68 117
+ 0.690333 1 0 ack 40 ------- 0 1.0 0.0 68 156
- 0.690333 1 0 ack 40 ------- 0 1.0 0.0 68 156
- 0.692267 0 1 tcp 1040 ------- 0 0.0 1.0 70 121
r 0.6956 1 0 ack 40 ------- 0 1.0 0.0 68 156
+ 0.6956 0 1 tcp 1040 ------- 0 0.0 1.0 88 157
r 0.697267 0 1 tcp 1040 ------- 0 0.0 1.0 69 119
+ 0.697267 1 0 ack 40 ------- 0 1.0 0.0 69 158
- 0.697267 1 0 ack 40 ------- 0 1.0 0.0 69 158
- 0.6992 0 1 tcp 1040 ------- 0 0.0 1.0 71 123
r 0.702533 1 0 ack 40 ------- 0 1.0 0.0 69 158
+ 0.702533 0 1 tcp 1040 ------- 0 0.0 1.0 89 159
r 0.7042 0 1 tcp 1040 ------- 0 0.0 1.0 70 121
+ 0.7042 1 0 ack 40 ------- 0 1.0 0.0 70 160
- 0.7042 1 0 ack 40 ------- 0 1.0 0.0 70 160
- 0.706133 0 1 tcp 1040 ------- 0 0.0 1.0 72 125
r 0.709467 1 0 ack 40 ------- 0 1.0 0.0 70 160
+ 0.709467 0 1 tcp 1040 ------- 0 0.0 1.0 90 161
r 0.711133 0 1 tcp 1040 ------- 0 0.0 1.0 71 123
+ 0.711133 1 0 ack 40 ------- 0 1.0 0.0 71 162
- 0.711133 1 0 ack 40 ------- 0 1.0 0.0 71 162
- 0.713067 0 1 tcp 1040 ------- 0 0.0 1.0 73 127
r 0.7164 1 0 ack 40 ------- 0 1.0 0.0 71 162
+ 0.7164 0 1 tcp 1040 ------- 0 0.0 1.0 91 163
r 0.718067 0 1 tcp 1040 ------- 0 0.0 1.0 72 125
+ 0.718067 1 0 ack 40 ------- 0 1.0 0.0 72 164
- 0.718067 1 0 ack 40 ------- 0 1.0 0.0 72 164
- 0.72 0 1 tcp 1040 ------- 0 0.0 1.0 74 129
r 0.723333 1 0 ack 40 ------- 0 1.0 0.0 72 164
+ 0.723333 0 1 tcp 1040 ------- 0 0.0 1.0 92 165
r 0.725 0 1 tcp 1040 ------- 0 0.0 1.0 73 127
+ 0.725 1 0 ack 40 ------- 0 1.0 0.0 73 166
- 0.725 1 0 ack 40 ------- 0 1.0 0.0 73 166
- 0.726933 0 1 tcp 1040 ------- 0 0.0 1.0 75 131
r 0.730267 1 0 ack 40 ------- 0 1.0 0.0 73 166
+ 0.730267 0 1 tcp 1040 ------- 0 0.0 1.0 93 167
r 0.731933 0 1 tcp 1040 ------- 0 0.0 1.0 74 129
+ 0.731933 1 0 ack 40 ------- 0 1.0 0.0 74 168
- 0.731933 1 0 ack 40 ------- 0 1.0 0.0 74 168
- 0.733867 0 1 tcp 1040 ------- 0 0.0 1.0 76 133
r 0.7372 1 0 ack 40 ------- 0 1.0 0.0 74 168
+ 0.7372 0 1 tcp 1040 ------- 0 0.0 1.0 94 169
r 0.738867 0 1 tcp 1040 ------- 0 0.0 1.0 75 131
+ 0.738867 1 0 ack 40 ------- 0 1.0 0.0 75 170
- 0.738867 1 0 ack 40 ------- 0 1.0 0.0 75 170
- 0.7408 0 1 tcp 1040 ------- 0 0.0 1.0 77 135
r 0.744133 1 0 ack 40 ------- 0 1.0 0.0 75 170
+ 0.744133 0 1 tcp 1040 ------- 0 0.0 1.0 95 171
r 0.7458 0 1 tcp 1040 ------- 0 0.0 1.0 76 133
+ 0.7458 1 0 ack 40 ------- 0 1.0 0.0 76 172
- 0.7458 1 0 ack 40 ------- 0 1.0 0.0 76 172
- 0.747733 0 1 tcp 1040 ------- 0 0.0 1.0 78 137
r 0.751067 1 0 ack 40 ------- 0 1.0 0.0 76 172
+ 0.751067 0 1 tcp 1040 ------- 0 0.0 1.0 96 173
r 0.752733 0 1 tcp 1040 ------- 0 0.0 1.0 77 135
+ 0.752733 1 0 ack 40 ------- 0 1.0 0.0 77 174
- 0.752733 1 0 ack 40 ------- 0 1.0 0.0 77 174
- 0.754667 0 1 tcp 1040 ------- 0 0.0 1.0 79 139
r 0.758 1 0 ack 40 ------- 0 1.0 0.0 77 174
+ 0.758 0 1 tcp 1040 ------- 0 0.0 1.0 97 175
r 0.759667 0 1 tcp 1040 ------- 0 0.0 1.0 78 137
+ 0.759667 1 0 ack 40 ------- 0 1.0 0.0 78 176
- 0.759667 1 0 ack 40 ------- 0 1.0 0.0 78 176
- 0.7616 0 1 tcp 1040 ------- 0 0.0 1.0 80 141
r 0.764933 1 0 ack 40 ------- 0 1.0 0.0 78 176
+ 0.764933 0 1 tcp 1040 ------- 0 0.0 1.0 98 177
r 0.7666 0 1 tcp 1040 ------- 0 0.0 1.0 79 139
+ 0.7666 1 0 ack 40 ------- 0 1.0 0.0 79 178
- 0.7666 1 0 ack 40 ------- 0 1.0 0.0 79 178
- 0.768533 0 1 tcp 1040 ------- 0 0.0 1.0 81 143
r 0.771867 1 0 ack 40 ------- 0 1.0 0.0 79 178
+ 0.771867 0 1 tcp 1040 ------- 0 0.0 1.0 99 179
r 0.773533 0 1 tcp 1040 ------- 0 0.0 1.0 80 141
+ 0.773533 1 0 ack 40 ------- 0 1.0 0.0 80 180
- 0.773533 1 0 ack 40 ------- 0 1.0 0.0 80 180
- 0.775467 0 1 tcp 1040 ------- 0 0.0 1.0 82 145
r 0.7788 1 0 ack 40 ------- 0 1.0 0.0 80 180
+ 0.7788 0 1 tcp 1040 ------- 0 0.0 1.0 100 181
r 0.780467 0 1 tcp 1040 ------- 0 0.0 1.0 81 143
+ 0.780467 1 0 ack 40 ------- 0 1.0 0.0 81 182
- 0.780467 1 0 ack 40 ------- 0 1.0 0.0 81 182
- 0.7824 0 1 tcp 1040 ------- 0 0.0 1.0 83 147
r 0.785733 1 0 ack 40 ------- 0 1.0 0.0 81 182
+ 0.785733 0 1 tcp 1040 ------- 0 0.0 1.0 101 183
r 0.7874 0 1 tcp 1040 ------- 0 0.0 1.0 82 145
+ 0.7874 1 0 ack 40 ------- 0 1.0 0.0 82 184
- 0.7874 1 0 ack 40 ------- 0 1.0 0.0 82 184
- 0.789333 0 1 tcp 1040 ------- 0 0.0 1.0 84 149
r 0.792667 1 0 ack 40 ------- 0 1.0 0.0 82 184
+ 0.792667 0 1 tcp 1040 ------- 0 0.0 1.0 102 185
r 0.794333 0 1 tcp 1040 ------- 0 0.0 1.0 83 147
+ 0.794333 1 0 ack 40 ------- 0 1.0 0.0 83 186
- 0.794333 1 0 ack 40 ------- 0 1.0 0.0 83 186
- 0.796267 0 1 tcp 1040 ------- 0 0.0 1.0 85 151
r 0.7996 1 0 ack 40 ------- 0 1.0 0.0 83 186
+ 0.7996 0 1 tcp 1040 ------- 0 0.0 1.0 103 187
r 0.801267 0 1 tcp 1040 ------- 0 0.0 1.0 84 149
+ 0.801267 1 0 ack 40 ------- 0 1.0 0.0 84 188
- 0.801267 1 0 ack 40 ------- 0 1.0 0.0 84 188
- 0.8032 0 1 tcp 1040 ------- 0 0.0 1.0 86 153
r 0.806533 1 0 ack 40 ------- 0 1.0 0.0 84 188
+ 0.806533 0 1 tcp 1040 ------- 0 0.0 1.0 104 189
r 0.8082 0 1 tcp 1040 ------- 0 0.0 1.0 85 151
+ 0.8082 1 0 ack 40 ------- 0 1.0 0.0 85 190
- 0.8082 1 0 ack 40 ------- 0 1.0 0.0 85 190
- 0.810133 0 1 tcp 1040 ------- 0 0.0 1.0 87 155
r 0.813467 1 0 ack 40 ------- 0 1.0 0.0 85 190
+ 0.813467 0 1 tcp 1040 ------- 0 0.0 1.0 105 191
r 0.815133 0 1 tcp 1040 ------- 0 0.0 1.0 86 153
+ 0.815133 1 0 ack 40 ------- 0 1.0 0.0 86 192
- 0.815133 1 0 ack 40 ------- 0 1.0 0.0 86 192
- 0.817067 0 1 tcp 1040 ------- 0 0.0 1.0 88 157
r 0.8204 1 0 ack 40 ------- 0 1.0 0.0 86 192
+ 0.8204 0 1 tcp 1040 ------- 0 0.0 1.0 106 193
r 0.822067 0 1 tcp 1040 ------- 0 0.0 1.0 87 155
+ 0.822067 1 0 ack 40 ------- 0 1.0 0.0 87 194
- 0.822067 1 0 ack 40 ------- 0 1.0 0.0 87 194
- 0.824 0 1 tcp 1040 ------- 0 0.0 1.0 89 159
r 0.827333 1 0 ack 40 ------- 0 1.0 0.0 87 194
+ 0.827333 0 1 tcp 1040 ------- 0 0.0 1.0 107 195
r 0.829 0 1 tcp 1040 ------- 0 0.0 1.0 88 157
+ 0.829 1 0 ack 40 ------- 0 1.0 0.0 88 196
- 0.829 1 0 ack 40 ------- 0 1.0 0.0 88 196
- 0.830933 0 1 tcp 1040 ------- 0 0.0 1.0 90 161
r 0.834267 1 0 ack 40 ------- 0 1.0 0.0 88 196
+ 0.834267 0 1 tcp 1040 ------- 0 0.0 1.0 108 197
r 0.835933 0 1 tcp 1040 ------- 0 0.0 1.0 89 159
+ 0.835933 1 0 ack 40 ------- 0 1.0 0.0 89 198
- 0.835933 1 0 ack 40 ------- 0 1.0 0.0 89 198
- 0.837867 0 1 tcp 1040 ------- 0 0.0 1.0 91 163
r 0.8412 1 0 ack 40 ------- 0 1.0 0.0 89 198
+ 0.8412 0 1 tcp 1040 ------- 0 0.0 1.0 109 199
r 0.842867 0 1 tcp 1040 ------- 0 0.0 1.0 90 161
+ 0.842867 1 0 ack 40 ------- 0 1.0 0.0 90 200
- 0.842867 1 0 ack 40 ------- 0 1.0 0.0 90 200
- 0.8448 0 1 tcp 1040 ------- 0 0.0 1.0 92 165
r 0.848133 1 0 ack 40 ------- 0 1.0 0.0 90 200
+ 0.848133 0 1 tcp 1040 ------- 0 0.0 1.0 110 201
r 0.8498 0 1 tcp 1040 ------- 0 0.0 1.0 91 163
+ 0.8498 1 0 ack 40 ------- 0 1.0 0.0 91 202
- 0.8498 1 0 ack 40 ------- 0 1.0 0.0 91 202
- 0.851733 0 1 tcp 1040 ------- 0 0.0 1.0 93 167
r 0.855067 1 0 ack 40 ------- 0 1.0 0.0 91 202
+ 0.855067 0 1 tcp 1040 ------- 0 0.0 1.0 111 203
r 0.856733 0 1 tcp 1040 ------- 0 0.0 1.0 92 165
+ 0.856733 1 0 ack 40 ------- 0 1.0 0.0 92 204
- 0.856733 1 0 ack 40 ------- 0 1.0 0.0 92 204
- 0.858667 0 1 tcp 1040 ------- 0 0.0 1.0 94 169
r 0.862 1 0 ack 40 ------- 0 1.0 0.0 92 204
+ 0.862 0 1 tcp 1040 ------- 0 0.0 1.0 112 205
r 0.863667 0 1 tcp 1040 ------- 0 0.0 1.0 93 167
+ 0.863667 1 0 ack 40 ------- 0 1.0 0.0 93 206
- 0.863667 1 0 ack 40 ------- 0 1.0 0.0 93 206
- 0.8656 0 1 tcp 1040 ------- 0 0.0 1.0 95 171
r 0.868933 1 0 ack 40 ------- 0 1.0 0.0 93 206
+ 0.868933 0 1 tcp 1040 ------- 0 0.0 1.0 113 207
r 0.8706 0 1 tcp 1040 ------- 0 0.0 1.0 94 169
+ 0.8706 1 0 ack 40 ------- 0 1.0 0.0 94 208
- 0.8706 1 0 ack 40 ------- 0 1.0 0.0 94 208
- 0.872533 0 1 tcp 1040 ------- 0 0.0 1.0 96 173
r 0.875867 1 0 ack 40 ------- 0 1.0 0.0 94 208
+ 0.875867 0 1 tcp 1040 ------- 0 0.0 1.0 114 209
r 0.877533 0 1 tcp 1040 ------- 0 0.0 1.0 95 171
+ 0.877533 1 0 ack 40 ------- 0 1.0 0.0 95 210
- 0.877533 1 0 ack 40 ------- 0 1.0 0.0 95 210
- 0.879467 0 1 tcp 1040 ------- 0 0.0 1.0 97 175
r 0.8828 1 0 ack 40 ------- 0 1.0 0.0 95 210
+ 0.8828 0 1 tcp 1040 ------- 0 0.0 1.0 115 211
r 0.884467 0 1 tcp 1040 ------- 0 0.0 1.0 96 173
+ 0.884467 1 0 ack 40 ------- 0 1.0 0.0 96 212
- 0.884467 1 0 ack 40 ------- 0 1.0 0.0 96 212
- 0.8864 0 1 tcp 1040 ------- 0 0.0 1.0 98 177
r 0.889733 1 0 ack 40 ------- 0 1.0 0.0 96 212
+ 0.889733 0 1 tcp 1040 ------- 0 0.0 1.0 116 213
r 0.8914 0 1 tcp 1040 ------- 0 0.0 1.0 97 175
+ 0.8914 1 0 ack 40 ------- 0 1.0 0.0 97 214
- 0.8914 1 0 ack 40 ------- 0 1.0 0.0 97 214
- 0.893333 0 1 tcp 1040 ------- 0 0.0 1.0 99 179
r 0.896667 1 0 ack 40 ------- 0 1.0 0.0 97 214
+ 0.896667 0 1 tcp 1040 ------- 0 0.0 1.0 117 215
r 0.898333 0 1 tcp 1040 ------- 0 0.0 1.0 98 177
+ 0.898333 1 0 ack 40 ------- 0 1.0 0.0 98 216
- 0.898333 1 0 ack 40 ------- 0 1.0 0.0 98 216
- 0.900267 0 1 tcp 1040 ------- 0 0.0 1.0 100 181
r 0.9036 1 0 ack 40 ------- 0 1.0 0.0 98 216
+ 0.9036 0 1 tcp 1040 ------- 0 0.0 1.0 118 217
r 0.905267 0 1 tcp 1040 ------- 0 0.0 1.0 99 179
+ 0.905267 1 0 ack 40 ------- 0 1.0 0.0 99 218
- 0.905267 1 0 ack 40 ------- 0 1.0 0.0 99 218
- 0.9072 0 1 tcp 1040 ------- 0 0.0 1.0 101 183
r 0.910533 1 0 ack 40 ------- 0 1.0 0.0 99 218
+ 0.910533 0 1 tcp 1040 ------- 0 0.0 1.0 119 219
r 0.9122 0 1 tcp 1040 ------- 0 0.0 1.0 100 181
+ 0.9122 1 0 ack 40 ------- 0 1.0 0.0 100 220
- 0.9122 1 0 ack 40 ------- 0 1.0 0.0 100 220
- 0.914133 0 1 tcp 1040 ------- 0 0.0 1.0 102 185
r 0.917467 1 0 ack 40 ------- 0 1.0 0.0 100 220
+ 0.917467 0 1 tcp 1040 ------- 0 0.0 1.0 120 221
r 0.919133 0 1 tcp 1040 ------- 0 0.0 1.0 101 183
+ 0.919133 1 0 ack 40 ------- 0 1.0 0.0 101 222
- 0.919133 1 0 ack 40 ------- 0 1.0 0.0 101 222
- 0.921067 0 1 tcp 1040 ------- 0 0.0 1.0 103 187
r 0.9244 1 0 ack 40 ------- 0 1.0 0.0 101 222
+ 0.9244 0 1 tcp 1040 ------- 0 0.0 1.0 121 223
r 0.926067 0 1 tcp 1040 ------- 0 0.0 1.0 102 185
+ 0.926067 1 0 ack 40 ------- 0 1.0 0.0 102 224
- 0.926067 1 0 ack 40 ------- 0 1.0 0.0 102 224
- 0.928 0 1 tcp 1040 ------- 0 0.0 1.0 104 189
r 0.931333 1 0 ack 40 ------- 0 1.0 0.0 102 224
+ 0.931333 0 1 tcp 1040 ------- 0 0.0 1.0 122 225
r 0.933 0 1 tcp 1040 ------- 0 0.0 1.0 103 187
+ 0.933 1 0 ack 40 ------- 0 1.0 0.0 103 226
- 0.933 1 0 ack 40 ------- 0 1.0 0.0 103 226
- 0.934933 0 1 tcp 1040 ------- 0 0.0 1.0 105 191
r 0.938267 1 0 ack 40 ------- 0 1.0 0.0 103 226
+ 0.938267 0 1 tcp 1040 ------- 0 0.0 1.0 123 227
r 0.939933 0 1 tcp 1040 ------- 0 0.0 1.0 104 189
+ 0.939933 1 0 ack 40 ------- 0 1.0 0.0 104 228
- 0.939933 1 0 ack 40 ------- 0 1.0 0.0 104 228
- 0.941867 0 1 tcp 1040 ------- 0 0.0 1.0 106 193
r 0.9452 1 0 ack 40 ------- 0 1.0 0.0 104 228
+ 0.9452 0 1 tcp 1040 ------- 0 0.0 1.0 124 229
r 0.946867 0 1 tcp 1040 ------- 0 0.0 1.0 105 191
+ 0.946867 1 0 ack 40 ------- 0 1.0 0.0 105 230
- 0.946867 1 0 ack 40 ------- 0 1.0 0.0 105 230
- 0.9488 0 1 tcp 1040 ------- 0 0.0 1.0 107 195
r 0.952133 1 0 ack 40 ------- 0 1.0 0.0 105 230
+ 0.952133 0 1 tcp 1040 ------- 0 0.0 1.0 125 231
r 0.9538 0 1 tcp 1040 ------- 0 0.0 1.0 106 193
+ 0.9538 1 0 ack 40 ------- 0 1.0 0.0 106 232
- 0.9538 1 0 ack 40 ------- 0 1.0 0.0 106 232
- 0.955733 0 1 tcp 1040 ------- 0 0.0 1.0 108 197
r 0.959067 1 0 ack 40 ------- 0 1.0 0.0 106 232
+ 0.959067 0 1 tcp 1040 ------- 0 0.0 1.0 126 233
r 0.960733 0 1 tcp 1040 ------- 0 0.0 1.0 107 195
+ 0.960733 1 0 ack 40 ------- 0 1.0 0.0 107 234
- 0.960733 1 0 ack 40 ------- 0 1.0 0.0 107 234
- 0.962667 0 1 tcp 1040 ------- 0 0.0 1.0 109 199
r 0.966 1 0 ack 40 ------- 0 1.0 0.0 107 234
+ 0.966 0 1 tcp 1040 ------- 0 0.0 1.0 127 235
r 0.967667 0 1 tcp 1040 ------- 0 0.0 1.0 108 197
+ 0.967667 1 0 ack 40 ------- 0 1.0 0.0 108 236
- 0.967667 1 0 ack 40 ------- 0 1.0 0.0 108 236
- 0.9696 0 1 tcp 1040 ------- 0 0.0 1.0 110 201
r 0.972933 1 0 ack 40 ------- 0 1.0 0.0 108 236
+ 0.972933 0 1 tcp 1040 ------- 0 0.0 1.0 128 237
r 0.9746 0 1 tcp 1040 ------- 0 0.0 1.0 109 199
+ 0.9746 1 0 ack 40 ------- 0 1.0 0.0 109 238
- 0.9746 1 0 ack 40 ------- 0 1.0 0.0 109 238
- 0.976533 0 1 tcp 1040 ------- 0 0.0 1.0 111 203
r 0.979867 1 0 ack 40 ------- 0 1.0 0.0 109 238
+ 0.979867 0 1 tcp 1040 ------- 0 0.0 1.0 129 239
r 0.981533 0 1 tcp 1040 ------- 0 0.0 1.0 110 201
+ 0.981533 1 0 ack 40 ------- 0 1.0 0.0 110 240
- 0.981533 1 0 ack 40 ------- 0 1.0 0.0 110 240
- 0.983467 0 1 tcp 1040 ------- 0 0.0 1.0 112 205
r 0.9868 1 0 ack 40 ------- 0 1.0 0.0 110 240
+ 0.9868 0 1 tcp 1040 ------- 0 0.0 1.0 130 241
r 0.988467 0 1 tcp 1040 ------- 0 0.0 1.0 111 203
+ 0.988467 1 0 ack 40 ------- 0 1.0 0.0 111 242
- 0.988467 1 0 ack 40 ------- 0 1.0 0.0 111 242
- 0.9904 0 1 tcp 1040 ------- 0 0.0 1.0 113 207
r 0.993733 1 0 ack 40 ------- 0 1.0 0.0 111 242
+ 0.993733 0 1 tcp 1040 ------- 0 0.0 1.0 131 243
r 0.9954 0 1 tcp 1040 ------- 0 0.0 1.0 112 205
+ 0.9954 1 0 ack 40 ------- 0 1.0 0.0 112 244
- 0.9954 1 0 ack 40 ------- 0 1.0 0.0 112 244
- 0.997333 0 1 tcp 1040 ------- 0 0.0 1.0 114 209
r 1.000667 1 0 ack 40 ------- 0 1.0 0.0 112 244
+ 1.000667 0 1 tcp 1040 ------- 0 0.0 1.0 132 245
r 1.002333 0 1 tcp 1040 ------- 0 0.0 1.0 113 207
+ 1.002333 1 0 ack 40 ------- 0 1.0 0.0 113 246
- 1.002333 1 0 ack 40 ------- 0 1.0 0.0 113 246
- 1.004267 0 1 tcp 1040 ------- 0 0.0 1.0 115 211
r 1.0076 1 0 ack 40 ------- 0 1.0 0.0 113 246
+ 1.0076 0 1 tcp 1040 ------- 0 0.0 1.0 133 247
r 1.009267 0 1 tcp 1040 ------- 0 0.0 1.0 114 209
+ 1.009267 1 0 ack 40 ------- 0 1.0 0.0 114 248
- 1.009267 1 0 ack 40 ------- 0 1.0 0.0 114 248
- 1.0112 0 1 tcp 1040 ------- 0 0.0 1.0 116 213
r 1.014533 1 0 ack 40 ------- 0 1.0 0.0 114 248
+ 1.014533 0 1 tcp 1040 ------- 0 0.0 1.0 134 249
r 1.0162 0 1 tcp 1040 ------- 0 0.0 1.0 115 211
+ 1.0162 1 0 ack 40 ------- 0 1.0 0.0 115 250
- 1.0162 1 0 ack 40 ------- 0 1.0 0.0 115 250
- 1.018133 0 1 tcp 1040 ------- 0 0.0 1.0 117 215
r 1.021467 1 0 ack 40 ------- 0 1.0 0.0 115 250
+ 1.021467 0 1 tcp 1040 ------- 0 0.0 1.0 135 251
r 1.023133 0 1 tcp 1040 ------- 0 0.0 1.0 116 213
+ 1.023133 1 0 ack 40 ------- 0 1.0 0.0 116 252
- 1.023133 1 0 ack 40 ------- 0 1.0 0.0 116 252
- 1.025067 0 1 tcp 1040 ------- 0 0.0 1.0 118 217
r 1.0284 1 0 ack 40 ------- 0 1.0 0.0 116 252
+ 1.0284 0 1 tcp 1040 ------- 0 0.0 1.0 136 253
r 1.030067 0 1 tcp 1040 ------- 0 0.0 1.0 117 215
+ 1.030067 1 0 ack 40 ------- 0 1.0 0.0 117 254
- 1.030067 1 0 ack 40 ------- 0 1.0 0.0 117 254
- 1.032 0 1 tcp 1040 ------- 0 0.0 1.0 119 219
r 1.035333 1 0 ack 40 ------- 0 1.0 0.0 117 254
+ 1.035333 0 1 tcp 1040 ------- 0 0.0 1.0 137 255
r 1.037 0 1 tcp 1040 ------- 0 0.0 1.0 118 217
+ 1.037 1 0 ack 40 ------- 0 1.0 0.0 118 256
- 1.037 1 0 ack 40 ------- 0 1.0 0.0 118 256
- 1.038933 0 1 tcp 1040 ------- 0 0.0 1.0 120 221
r 1.042267 1 0 ack 40 ------- 0 1.0 0.0 118 256
+ 1.042267 0 1 tcp 1040 ------- 0 0.0 1.0 138 257
r 1.043933 0 1 tcp 1040 ------- 0 0.0 1.0 119 219
+ 1.043933 1 0 ack 40 ------- 0 1.0 0.0 119 258
- 1.043933 1 0 ack 40 ------- 0 1.0 0.0 119 258
- 1.045867 0 1 tcp 1040 ------- 0 0.0 1.0 121 223
r 1.0492 1 0 ack 40 ------- 0 1.0 0.0 119 258
+ 1.0492 0 1 tcp 1040 ------- 0 0.0 1.0 139 259
r 1.050867 0 1 tcp 1040 ------- 0 0.0 1.0 120 221
+ 1.050867 1 0 ack 40 ------- 0 1.0 0.0 120 260
- 1.050867 1 0 ack 40 ------- 0 1.0 0.0 120 260
- 1.0528 0 1 tcp 1040 ------- 0 0.0 1.0 122 225
r 1.056133 1 0 ack 40 ------- 0 1.0 0.0 120 260
+ 1.056133 0 1 tcp 1040 ------- 0 0.0 1.0 140 261
r 1.0578 0 1 tcp 1040 ------- 0 0.0 1.0 121 223
+ 1.0578 1 0 ack 40 ------- 0 1.0 0.0 121 262
- 1.0578 1 0 ack 40 ------- 0 1.0 0.0 121 262
- 1.059733 0 1 tcp 1040 ------- 0 0.0 1.0 123 227
r 1.063067 1 0 ack 40 ------- 0 1.0 0.0 121 262
+ 1.063067 0 1 tcp 1040 ------- 0 0.0 1.0 141 263
r 1.064733 0 1 tcp 1040 ------- 0 0.0 1.0 122 225
+ 1.064733 1 0 ack 40 ------- 0 1.0 0.0 122 264
- 1.064733 1 0 ack 40 ------- 0 1.0 0.0 122 264
- 1.066667 0 1 tcp 1040 ------- 0 0.0 1.0 124 229
r 1.07 1 0 ack 40 ------- 0 1.0 0.0 122 264
+ 1.07 0 1 tcp 1040 ------- 0 0.0 1.0 142 265
r 1.071667 0 1 tcp 1040 ------- 0 0.0 1.0 123 227
+ 1.071667 1 0 ack 40 ------- 0 1.0 0.0 123 266
- 1.071667 1 0 ack 40 ------- 0 1.0 0.0 123 266
- 1.0736 0 1 tcp 1040 ------- 0 0.0 1.0 125 231
r 1.076933 1 0 ack 40 ------- 0 1.0 0.0 123 266
+ 1.076933 0 1 tcp 1040 ------- 0 0.0 1.0 143 267
r 1.0786 0 1 tcp 1040 ------- 0 0.0 1.0 124 229
+ 1.0786 1 0 ack 40 ------- 0 1.0 0.0 124 268
- 1.0786 1 0 ack 40 ------- 0 1.0 0.0 124 268
- 1.080533 0 1 tcp 1040 ------- 0 0.0 1.0 126 233
r 1.083867 1 0 ack 40 ------- 0 1.0 0.0 124 268
+ 1.083867 0 1 tcp 1040 ------- 0 0.0 1.0 144 269
r 1.085533 0 1 tcp 1040 ------- 0 0.0 1.0 125 231
+ 1.085533 1 0 ack 40 ------- 0 1.0 0.0 125 270
- 1.085533 1 0 ack 40 ------- 0 1.0 0.0 125 270
- 1.087467 0 1 tcp 1040 ------- 0 0.0 1.0 127 235
r 1.0908 1 0 ack 40 ------- 0 1.0 0.0 125 270
+ 1.0908 0 1 tcp 1040 ------- 0 0.0 1.0 145 271
r 1.092467 0 1 tcp 1040 ------- 0 0.0 1.0 126 233
+ 1.092467 1 0 ack 40 ------- 0 1.0 0.0 126 272
- 1.092467 1 0 ack 40 ------- 0 1.0 0.0 126 272
- 1.0944 0 1 tcp 1040 ------- 0 0.0 1.0 128 237
r 1.097733 1 0 ack 40 ------- 0 1.0 0.0 126 272
+ 1.097733 0 1 tcp 1040 ------- 0 0.0 1.0 146 273
r 1.0994 0 1 tcp 1040 ------- 0 0.0 1.0 127 235
+ 1.0994 1 0 ack 40 ------- 0 1.0 0.0 127 274
- 1.0994 1 0 ack 40 ------- 0 1.0 0.0 127 274
- 1.101333 0 1 tcp 1040 ------- 0 0.0 1.0 129 239
r 1.104667 1 0 ack 40 ------- 0 1.0 0.0 127 274
+ 1.104667 0 1 tcp 1040 ------- 0 0.0 1.0 147 275
r 1.106333 0 1 tcp 1040 ------- 0 0.0 1.0 128 237
+ 1.106333 1 0 ack 40 ------- 0 1.0 0.0 128 276
- 1.106333 1 0 ack 40 ------- 0 1.0 0.0 128 276
- 1.108267 0 1 tcp 1040 ------- 0 0.0 1.0 130 241
r 1.1116 1 0 ack 40 ------- 0 1.0 0.0 128 276
+ 1.1116 0 1 tcp 1040 ------- 0 0.0 1.0 148 277
r 1.113267 0 1 tcp 1040 ------- 0 0.0 1.0 129 239
+ 1.113267 1 0 ack 40 ------- 0 1.0 0.0 129 278
- 1.113267 1 0 ack 40 ------- 0 1.0 0.0 129 278
- 1.1152 0 1 tcp 1040 ------- 0 0.0 1.0 131 243
r 1.118533 1 0 ack 40 ------- 0 1.0 0.0 129 278
+ 1.118533 0 1 tcp 1040 ------- 0 0.0 1.0 149 279
r 1.1202 0 1 tcp 1040 ------- 0 0.0 1.0 130 241
+ 1.1202 1 0 ack 40 ------- 0 1.0 0.0 130 280
- 1.1202 1 0 ack 40 ------- 0 1.0 0.0 130 280
- 1.122133 0 1 tcp 1040 ------- 0 0.0 1.0 132 245
r 1.125467 1 0 ack 40 ------- 0 1.0 0.0 130 280
+ 1.125467 0 1 tcp 1040 ------- 0 0.0 1.0 150 281
r 1.127133 0 1 tcp 1040 ------- 0 0.0 1.0 131 243
+ 1.127133 1 0 ack 40 ------- 0 1.0 0.0 131 282
- 1.127133 1 0 ack 40 ------- 0 1.0 0.0 131 282
- 1.129067 0 1 tcp 1040 ------- 0 0.0 1.0 133 247
r 1.1324 1 0 ack 40 ------- 0 1.0 0.0 131 282
+ 1.1324 0 1 tcp 1040 ------- 0 0.0 1.0 151 283
r 1.134067 0 1 tcp 1040 ------- 0 0.0 1.0 132 245
+ 1.134067 1 0 ack 40 ------- 0 1.0 0.0 132 284
- 1.134067 1 0 ack 40 ------- 0 1.0 0.0 132 284
- 1.136 0 1 tcp 1040 ------- 0 0.0 1.0 134 249
r 1.139333 1 0 ack 40 ------- 0 1.0 0.0 132 284
+ 1.139333 0 1 tcp 1040 ------- 0 0.0 1.0 152 285
r 1.141 0 1 tcp 1040 ------- 0 0.0 1.0 133 247
+ 1.141 1 0 ack 40 ------- 0 1.0 0.0 133 286
- 1.141 1 0 ack 40 ------- 0 1.0 0.0 133 286
- 1.142933 0 1 tcp 1040 ------- 0 0.0 1.0 135 251
r 1.146267 1 0 ack 40 ------- 0 1.0 0.0 133 286
+ 1.146267 0 1 tcp 1040 ------- 0 0.0 1.0 153 287
r 1.147933 0 1 tcp 1040 ------- 0 0.0 1.0 134 249
+ 1.147933 1 0 ack 40 ------- 0 1.0 0.0 134 288
- 1.147933 1 0 ack 40 ------- 0 1.0 0.0 134 288
- 1.149867 0 1 tcp 1040 ------- 0 0.0 1.0 136 253
r 1.1532 1 0 ack 40 ------- 0 1.0 0.0 134 288
+ 1.1532 0 1 tcp 1040 ------- 0 0.0 1.0 154 289
r 1.154867 0 1 tcp 1040 ------- 0 0.0 1.0 135 251
+ 1.154867 1 0 ack 40 ------- 0 1.0 0.0 135 290
- 1.154867 1 0 ack 40 ------- 0 1.0 0.0 135 290
- 1.1568 0 1 tcp 1040 ------- 0 0.0 1.0 137 255
r 1.160133 1 0 ack 40 ------- 0 1.0 0.0 135 290
+ 1.160133 0 1 tcp 1040 ------- 0 0.0 1.0 155 291
r 1.1618 0 1 tcp 1040 ------- 0 0.0 1.0 136 253
+ 1.1618 1 0 ack 40 ------- 0 1.0 0.0 136 292
- 1.1618 1 0 ack 40 ------- 0 1.0 0.0 136 292
- 1.163733 0 1 tcp 1040 ------- 0 0.0 1.0 138 257
r 1.167067 1 0 ack 40 ------- 0 1.0 0.0 136 292
+ 1.167067 0 1 tcp 1040 ------- 0 0.0 1.0 156 293
r 1.168733 0 1 tcp 1040 ------- 0 0.0 1.0 137 255
+ 1.168733 1 0 ack 40 ------- 0 1.0 0.0 137 294
- 1.168733 1 0 ack 40 ------- 0 1.0 0.0 137 294
- 1.170667 0 1 tcp 1040 ------- 0 0.0 1.0 139 259
r 1.174 1 0 ack 40 ------- 0 1.0 0.0 137 294
+ 1.174 0 1 tcp 1040 ------- 0 0.0 1.0 157 295
r 1.175667 0 1 tcp 1040 ------- 0 0.0 1.0 138 257
+ 1.175667 1 0 ack 40 ------- 0 1.0 0.0 138 296
- 1.175667 1 0 ack 40 ------- 0 1.0 0.0 138 296
- 1.1776 0 1 tcp 1040 ------- 0 0.0 1.0 140 261
r 1.180933 1 0 ack 40 ------- 0 1.0 0.0 138 296
+ 1.180933 0 1 tcp 1040 ------- 0 0.0 1.0 158 297
r 1.1826 0 1 tcp 1040 ------- 0 0.0 1.0 139 259
+ 1.1826 1 0 ack 40 ------- 0 1.0 0.0 139 298
- 1.1826 1 0 ack 40 ------- 0 1.0 0.0 139 298
- 1.184533 0 1 tcp 1040 ------- 0 0.0 1.0 141 263
r 1.187867 1 0 ack 40 ------- 0 1.0 0.0 139 298
+ 1.187867 0 1 tcp 1040 ------- 0 0.0 1.0 159 299
r 1.189533 0 1 tcp 1040 ------- 0 0.0 1.0 140 261
+ 1.189533 1 0 ack 40 ------- 0 1.0 0.0 140 300
- 1.189533 1 0 ack 40 ------- 0 1.0 0.0 140 300
- 1.191467 0 1 tcp 1040 ------- 0 0.0 1.0 142 265
r 1.1948 1 0 ack 40 ------- 0 1.0 0.0 140 300
+ 1.1948 0 1 tcp 1040 ------- 0 0.0 1.0 160 301
r 1.196467 0 1 tcp 1040 ------- 0 0.0 1.0 141 263
+ 1.196467 1 0 ack 40 ------- 0 1.0 0.0 141 302
- 1.196467 1 0 ack 40 ------- 0 1.0 0.0 141 302
- 1.1984 0 1 tcp 1040 ------- 0 0.0 1.0 143 267
r 1.201733 1 0 ack 40 ------- 0 1.0 0.0 141 302
+ 1.201733 0 1 tcp 1040 ------- 0 0.0 1.0 161 303
r 1.2034 0 1 tcp 1040 ------- 0 0.0 1.0 142 265
+ 1.2034 1 0 ack 40 ------- 0 1.0 0.0 142 304
- 1.2034 1 0 ack 40 ------- 0 1.0 0.0 142 304
- 1.205333 0 1 tcp 1040 ------- 0 0.0 1.0 144 269
r 1.208667 1 0 ack 40 ------- 0 1.0 0.0 142 304
+ 1.208667 0 1 tcp 1040 ------- 0 0.0 1.0 162 305
r 1.210333 0 1 tcp 1040 ------- 0 0.0 1.0 143 267
+ 1.210333 1 0 ack 40 ------- 0 1.0 0.0 143 306
- 1.210333 1 0 ack 40 ------- 0 1.0 0.0 143 306
- 1.212267 0 1 tcp 1040 ------- 0 0.0 1.0 145 271
r 1.2156 1 0 ack 40 ------- 0 1.0 0.0 143 306
+ 1.2156 0 1 tcp 1040 ------- 0 0.0 1.0 163 307
r 1.217267 0 1 tcp 1040 ------- 0 0.0 1.0 144 269
+ 1.217267 1 0 ack 40 ------- 0 1.0 0.0 144 308
- 1.217267 1 0 ack 40 ------- 0 1.0 0.0 144 308
- 1.2192 0 1 tcp 1040 ------- 0 0.0 1.0 146 273
r 1.222533 1 0 ack 40 ------- 0 1.0 0.0 144 308
+ 1.222533 0 1 tcp 1040 ------- 0 0.0 1.0 164 309
r 1.2242 0 1 tcp 1040 ------- 0 0.0 1.0 145 271
+ 1.2242 1 0 ack 40 ------- 0 1.0 0.0 145 310
- 1.2242 1 0 ack 40 ------- 0 1.0 0.0 145 310
- 1.226133 0 1 tcp 1040 ------- 0 0.0 1.0 147 275
r 1.229467 1 0 ack 40 ------- 0 1.0 0.0 145 310
+ 1.229467 0 1 tcp 1040 ------- 0 0.0 1.0 165 311
r 1.231133 0 1 tcp 1040 ------- 0 0.0 1.0 146 273
+ 1.231133 1 0 ack 40 ------- 0 1.0 0.0 146 312
- 1.231133 1 0 ack 40 ------- 0 1.0 0.0 146 312
- 1.233067 0 1 tcp 1040 ------- 0 0.0 1.0 148 277
r 1.2364 1 0 ack 40 ------- 0 1.0 0.0 146 312
+ 1.2364 0 1 tcp 1040 ------- 0 0.0 1.0 166 313
r 1.238067 0 1 tcp 1040 ------- 0 0.0 1.0 147 275
+ 1.238067 1 0 ack 40 ------- 0 1.0 0.0 147 314
- 1.238067 1 0 ack 40 ------- 0 1.0 0.0 147 314
- 1.24 0 1 tcp 1040 ------- 0 0.0 1.0 149 279
r 1.243333 1 0 ack 40 ------- 0 1.0 0.0 147 314
+ 1.243333 0 1 tcp 1040 ------- 0 0.0 1.0 167 315
r 1.245 0 1 tcp 1040 ------- 0 0.0 1.0 148 277
+ 1.245 1 0 ack 40 ------- 0 1.0 0.0 148 316
- 1.245 1 0 ack 40 ------- 0 1.0 0.0 148 316
- 1.246933 0 1 tcp 1040 ------- 0 0.0 1.0 150 281
r 1.250267 1 0 ack 40 ------- 0 1.0 0.0 148 316
+ 1.250267 0 1 tcp 1040 ------- 0 0.0 1.0 168 317
r 1.251933 0 1 tcp 1040 ------- 0 0.0 1.0 149 279
+ 1.251933 1 0 ack 40 ------- 0 1.0 0.0 149 318
- 1.251933 1 0 ack 40 ------- 0 1.0 0.0 149 318
- 1.253867 0 1 tcp 1040 ------- 0 0.0 1.0 151 283
r 1.2572 1 0 ack 40 ------- 0 1.0 0.0 149 318
+ 1.2572 0 1 tcp 1040 ------- 0 0.0 1.0 169 319
r 1.258867 0 1 tcp 1040 ------- 0 0.0 1.0 150 281
+ 1.258867 1 0 ack 40 ------- 0 1.0 0.0 150 320
- 1.258867 1 0 ack 40 ------- 0 1.0 0.0 150 320
- 1.2608 0 1 tcp 1040 ------- 0 0.0 1.0 152 285
r 1.264133 1 0 ack 40 ------- 0 1.0 0.0 150 320
+ 1.264133 0 1 tcp 1040 ------- 0 0.0 1.0 170 321
r 1.2658 0 1 tcp 1040 ------- 0 0.0 1.0 151 283
+ 1.2658 1 0 ack 40 ------- 0 1.0 0.0 151 322
- 1.2658 1 0 ack 40 ------- 0 1.0 0.0 151 322
- 1.267733 0 1 tcp 1040 ------- 0 0.0 1.0 153 287
r 1.271067 1 0 ack 40 ------- 0 1.0 0.0 151 322
+ 1.271067 0 1 tcp 1040 ------- 0 0.0 1.0 171 323
r 1.272733 0 1 tcp 1040 ------- 0 0.0 1.0 152 285
+ 1.272733 1 0 ack 40 ------- 0 1.0 0.0 152 324
- 1.272733 1 0 ack 40 ------- 0 1.0 0.0 152 324
- 1.274667 0 1 tcp 1040 ------- 0 0.0 1.0 154 289
r 1.278 1 0 ack 40 ------- 0 1.0 0.0 152 324
+ 1.278 0 1 tcp 1040 ------- 0 0.0 1.0 172 325
r 1.279667 0 1 tcp 1040 ------- 0 0.0 1.0 153 287
+ 1.279667 1 0 ack 40 ------- 0 1.0 0.0 153 326
- 1.279667 1 0 ack 40 ------- 0 1.0 0.0 153 326
- 1.2816 0 1 tcp 1040 ------- 0 0.0 1.0 155 291
r 1.284933 1 0 ack 40 ------- 0 1.0 0.0 153 326
+ 1.284933 0 1 tcp 1040 ------- 0 0.0 1.0 173 327
r 1.2866 0 1 tcp 1040 ------- 0 0.0 1.0 154 289
+ 1.2866 1 0 ack 40 ------- 0 1.0 0.0 154 328
- 1.2866 1 0 ack 40 ------- 0 1.0 0.0 154 328
- 1.288533 0 1 tcp 1040 ------- 0 0.0 1.0 156 293
r 1.291867 1 0 ack 40 ------- 0 1.0 0.0 154 328
+ 1.291867 0 1 tcp 1040 ------- 0 0.0 1.0 174 329
r 1.293533 0 1 tcp 1040 ------- 0 0.0 1.0 155 291
+ 1.293533 1 0 ack 40 ------- 0 1.0 0.0 155 330
- 1.293533 1 0 ack 40 ------- 0 1.0 0.0 155 330
- 1.295467 0 1 tcp 1040 ------- 0 0.0 1.0 157 295
r 1.2988 1 0 ack 40 ------- 0 1.0 0.0 155 330
+ 1.2988 0 1 tcp 1040 ------- 0 0.0 1.0 175 331
r 1.300467 0 1 tcp 1040 ------- 0 0.0 1.0 156 293
+ 1.300467 1 0 ack 40 ------- 0 1.0 0.0 156 332
- 1.300467 1 0 ack 40 ------- 0 1.0 0.0 156 332
- 1.3024 0 1 tcp 1040 ------- 0 0.0 1.0 158 297
r 1.305733 1 0 ack 40 ------- 0 1.0 0.0 156 332
+ 1.305733 0 1 tcp 1040 ------- 0 0.0 1.0 176 333
r 1.3074 0 1 tcp 1040 ------- 0 0.0 1.0 157 295
+ 1.3074 1 0 ack 40 ------- 0 1.0 0.0 157 334
- 1.3074 1 0 ack 40 ------- 0 1.0 0.0 157 334
- 1.309333 0 1 tcp 1040 ------- 0 0.0 1.0 159 299
r 1.312667 1 0 ack 40 ------- 0 1.0 0.0 157 334
+ 1.312667 0 1 tcp 1040 ------- 0 0.0 1.0 177 335
r 1.314333 0 1 tcp 1040 ------- 0 0.0 1.0 158 297
+ 1.314333 1 0 ack 40 ------- 0 1.0 0.0 158 336
- 1.314333 1 0 ack 40 ------- 0 1.0 0.0 158 336
- 1.316267 0 1 tcp 1040 ------- 0 0.0 1.0 160 301
r 1.3196 1 0 ack 40 ------- 0 1.0 0.0 158 336
+ 1.3196 0 1 tcp 1040 ------- 0 0.0 1.0 178 337
r 1.321267 0 1 tcp 1040 ------- 0 0.0 1.0 159 299
+ 1.321267 1 0 ack 40 ------- 0 1.0 0.0 159 338
- 1.321267 1 0 ack 40 ------- 0 1.0 0.0 159 338
- 1.3232 0 1 tcp 1040 ------- 0 0.0 1.0 161 303
r 1.326533 1 0 ack 40 ------- 0 1.0 0.0 159 338
+ 1.326533 0 1 tcp 1040 ------- 0 0.0 1.0 179 339
r 1.3282 0 1 tcp 1040 ------- 0 0.0 1.0 160 301
+ 1.3282 1 0 ack 40 ------- 0 1.0 0.0 160 340
- 1.3282 1 0 ack 40 ------- 0 1.0 0.0 160 340
- 1.330133 0 1 tcp 1040 ------- 0 0.0 1.0 162 305
r 1.333467 1 0 ack 40 ------- 0 1.0 0.0 160 340
+ 1.333467 0 1 tcp 1040 ------- 0 0.0 1.0 180 341
r 1.335133 0 1 tcp 1040 ------- 0 0.0 1.0 161 303
+ 1.335133 1 0 ack 40 ------- 0 1.0 0.0 161 342
- 1.335133 1 0 ack 40 ------- 0 1.0 0.0 161 342
- 1.337067 0 1 tcp 1040 ------- 0 0.0 1.0 163 307
r 1.3404 1 0 ack 40 ------- 0 1.0 0.0 161 342
+ 1.3404 0 1 tcp 1040 ------- 0 0.0 1.0 181 343
r 1.342067 0 1 tcp 1040 ------- 0 0.0 1.0 162 305
+ 1.342067 1 0 ack 40 ------- 0 1.0 0.0 162 344
- 1.342067 1 0 ack 40 ------- 0 1.0 0.0 162 344
- 1.344 0 1 tcp 1040 ------- 0 0.0 1.0 164 309
r 1.347333 1 0 ack 40 ------- 0 1.0 0.0 162 344
+ 1.347333 0 1 tcp 1040 ------- 0 0.0 1.0 182 345
r 1.349 0 1 tcp 1040 ------- 0 0.0 1.0 163 307
+ 1.349 1 0 ack 40 ------- 0 1.0 0.0 163 346
- 1.349 1 0 ack 40 ------- 0 1.0 0.0 163 346
- 1.350933 0 1 tcp 1040 ------- 0 0.0 1.0 165 311
r 1.354267 1 0 ack 40 ------- 0 1.0 0.0 163 346
+ 1.354267 0 1 tcp 1040 ------- 0 0.0 1.0 183 347
r 1.355933 0 1 tcp 1040 ------- 0 0.0 1.0 164 309
+ 1.355933 1 0 ack 40 ------- 0 1.0 0.0 164 348
- 1.355933 1 0 ack 40 ------- 0 1.0 0.0 164 348
- 1.357867 0 1 tcp 1040 ------- 0 0.0 1.0 166 313
r 1.3612 1 0 ack 40 ------- 0 1.0 0.0 164 348
+ 1.3612 0 1 tcp 1040 ------- 0 0.0 1.0 184 349
r 1.362867 0 1 tcp 1040 ------- 0 0.0 1.0 165 311
+ 1.362867 1 0 ack 40 ------- 0 1.0 0.0 165 350
- 1.362867 1 0 ack 40 ------- 0 1.0 0.0 165 350
- 1.3648 0 1 tcp 1040 ------- 0 0.0 1.0 167 315
r 1.368133 1 0 ack 40 ------- 0 1.0 0.0 165 350
+ 1.368133 0 1 tcp 1040 ------- 0 0.0 1.0 185 351
r 1.3698 0 1 tcp 1040 ------- 0 0.0 1.0 166 313
+ 1.3698 1 0 ack 40 ------- 0 1.0 0.0 166 352
- 1.3698 1 0 ack 40 ------- 0 1.0 0.0 166 352
- 1.371733 0 1 tcp 1040 ------- 0 0.0 1.0 168 317
r 1.375067 1 0 ack 40 ------- 0 1.0 0.0 166 352
+ 1.375067 0 1 tcp 1040 ------- 0 0.0 1.0 186 353
r 1.376733 0 1 tcp 1040 ------- 0 0.0 1.0 167 315
+ 1.376733 1 0 ack 40 ------- 0 1.0 0.0 167 354
- 1.376733 1 0 ack 40 ------- 0 1.0 0.0 167 354
- 1.378667 0 1 tcp 1040 ------- 0 0.0 1.0 169 319
r 1.382 1 0 ack 40 ------- 0 1.0 0.0 167 354
+ 1.382 0 1 tcp 1040 ------- 0 0.0 1.0 187 355
r 1.383667 0 1 tcp 1040 ------- 0 0.0 1.0 168 317
+ 1.383667 1 0 ack 40 ------- 0 1.0 0.0 168 356
- 1.383667 1 0 ack 40 ------- 0 1.0 0.0 168 356
- 1.3856 0 1 tcp 1040 ------- 0 0.0 1.0 170 321
r 1.388933 1 0 ack 40 ------- 0 1.0 0.0 168 356
+ 1.388933 0 1 tcp 1040 ------- 0 0.0 1.0 188 357
r 1.3906 0 1 tcp 1040 ------- 0 0.0 1.0 169 319
+ 1.3906 1 0 ack 40 ------- 0 1.0 0.0 169 358
- 1.3906 1 0 ack 40 ------- 0 1.0 0.0 169 358
- 1.392533 0 1 tcp 1040 ------- 0 0.0 1.0 171 323
r 1.395867 1 0 ack 40 ------- 0 1.0 0.0 169 358
+ 1.395867 0 1 tcp 1040 ------- 0 0.0 1.0 189 359
r 1.397533 0 1 tcp 1040 ------- 0 0.0 1.0 170 321
+ 1.397533 1 0 ack 40 ------- 0 1.0 0.0 170 360
- 1.397533 1 0 ack 40 ------- 0 1.0 0.0 170 360
- 1.399467 0 1 tcp 1040 ------- 0 0.0 1.0 172 325
r 1.4028 1 0 ack 40 ------- 0 1.0 0.0 170 360
+ 1.4028 0 1 tcp 1040 ------- 0 0.0 1.0 190 361
r 1.404467 0 1 tcp 1040 ------- 0 0.0 1.0 171 323
+ 1.404467 1 0 ack 40 ------- 0 1.0 0.0 171 362
- 1.404467 1 0 ack 40 ------- 0 1.0 0.0 171 362
- 1.4064 0 1 tcp 1040 ------- 0 0.0 1.0 173 327
r 1.409733 1 0 ack 40 ------- 0 1.0 0.0 171 362
+ 1.409733 0 1 tcp 1040 ------- 0 0.0 1.0 191 363
r 1.4114 0 1 tcp 1040 ------- 0 0.0 1.0 172 325
+ 1.4114 1 0 ack 40 ------- 0 1.0 0.0 172 364
- 1.4114 1 0 ack 40 ------- 0 1.0 0.0 172 364
- 1.413333 0 1 tcp 1040 ------- 0 0.0 1.0 174 329
r 1.416667 1 0 ack 40 ------- 0 1.0 0.0 172 364
+ 1.416667 0 1 tcp 1040 ------- 0 0.0 1.0 192 365
r 1.418333 0 1 tcp 1040 ------- 0 0.0 1.0 173 327
+ 1.418333 1 0 ack 40 ------- 0 1.0 0.0 173 366
- 1.418333 1 0 ack 40 ------- 0 1.0 0.0 173 366
- 1.420267 0 1 tcp 1040 ------- 0 0.0 1.0 175 331
r 1.4236 1 0 ack 40 ------- 0 1.0 0.0 173 366
+ 1.4236 0 1 tcp 1040 ------- 0 0.0 1.0 193 367
r 1.425267 0 1 tcp 1040 ------- 0 0.0 1.0 174 329
+ 1.425267 1 0 ack 40 ------- 0 1.0 0.0 174 368
- 1.425267 1 0 ack 40 ------- 0 1.0 0.0 174 368
- 1.4272 0 1 tcp 1040 ------- 0 0.0 1.0 176 333
r 1.430533 1 0 ack 40 ------- 0 1.0 0.0 174 368
+ 1.430533 0 1 tcp 1040 ------- 0 0.0 1.0 194 369
r 1.4322 0 1 tcp 1040 ------- 0 0.0 1.0 175 331
+ 1.4322 1 0 ack 40 ------- 0 1.0 0.0 175 370
- 1.4322 1 0 ack 40 ------- 0 1.0 0.0 175 370
- 1.434133 0 1 tcp 1040 ------- 0 0.0 1.0 177 335
r 1.437467 1 0 ack 40 ------- 0 1.0 0.0 175 370
+ 1.437467 0 1 tcp 1040 ------- 0 0.0 1.0 195 371
r 1.439133 0 1 tcp 1040 ------- 0 0.0 1.0 176 333
+ 1.439133 1 0 ack 40 ------- 0 1.0 0.0 176 372
- 1.439133 1 0 ack 40 ------- 0 1.0 0.0 176 372
- 1.441067 0 1 tcp 1040 ------- 0 0.0 1.0 178 337
r 1.4444 1 0 ack 40 ------- 0 1.0 0.0 176 372
+ 1.4444 0 1 tcp 1040 ------- 0 0.0 1.0 196 373
r 1.446067 0 1 tcp 1040 ------- 0 0.0 1.0 177 335
+ 1.446067 1 0 ack 40 ------- 0 1.0 0.0 177 374
- 1.446067 1 0 ack 40 ------- 0 1.0 0.0 177 374
- 1.448 0 1 tcp 1040 ------- 0 0.0 1.0 179 339
r 1.451333 1 0 ack 40 ------- 0 1.0 0.0 177 374
+ 1.451333 0 1 tcp 1040 ------- 0 0.0 1.0 197 375
r 1.453 0 1 tcp 1040 ------- 0 0.0 1.0 178 337
+ 1.453 1 0 ack 40 ------- 0 1.0 0.0 178 376
- 1.453 1 0 ack 40 ------- 0 1.0 0.0 178 376
- 1.454933 0 1 tcp 1040 ------- 0 0.0 1.0 180 341
r 1.458267 1 0 ack 40 ------- 0 1.0 0.0 178 376
+ 1.458267 0 1 tcp 1040 ------- 0 0.0 1.0 198 377
r 1.459933 0 1 tcp 1040 ------- 0 0.0 1.0 179 339
+ 1.459933 1 0 ack 40 ------- 0 1.0 0.0 179 378
- 1.459933 1 0 ack 40 ------- 0 1.0 0.0 179 378
- 1.461867 0 1 tcp 1040 ------- 0 0.0 1.0 181 343
r 1.4652 1 0 ack 40 ------- 0 1.0 0.0 179 378
+ 1.4652 0 1 tcp 1040 ------- 0 0.0 1.0 199 379
r 1.466867 0 1 tcp 1040 ------- 0 0.0 1.0 180 341
+ 1.466867 1 0 ack 40 ------- 0 1.0 0.0 180 380
- 1.466867 1 0 ack 40 ------- 0 1.0 0.0 180 380
- 1.4688 0 1 tcp 1040 ------- 0 0.0 1.0 182 345
r 1.472133 1 0 ack 40 ------- 0 1.0 0.0 180 380
+ 1.472133 0 1 tcp 1040 ------- 0 0.0 1.0 200 381
r 1.4738 0 1 tcp 1040 ------- 0 0.0 1.0 181 343
+ 1.4738 1 0 ack 40 ------- 0 1.0 0.0 181 382
- 1.4738 1 0 ack 40 ------- 0 1.0 0.0 181 382
- 1.475733 0 1 tcp 1040 ------- 0 0.0 1.0 183 347
r 1.479067 1 0 ack 40 ------- 0 1.0 0.0 181 382
+ 1.479067 0 1 tcp 1040 ------- 0 0.0 1.0 201 383
r 1.480733 0 1 tcp 1040 ------- 0 0.0 1.0 182 345
+ 1.480733 1 0 ack 40 ------- 0 1.0 0.0 182 384
- 1.480733 1 0 ack 40 ------- 0 1.0 0.0 182 384
- 1.482667 0 1 tcp 1040 ------- 0 0.0 1.0 184 349
r 1.486 1 0 ack 40 ------- 0 1.0 0.0 182 384
+ 1.486 0 1 tcp 1040 ------- 0 0.0 1.0 202 385
r 1.487667 0 1 tcp 1040 ------- 0 0.0 1.0 183 347
+ 1.487667 1 0 ack 40 ------- 0 1.0 0.0 183 386
- 1.487667 1 0 ack 40 ------- 0 1.0 0.0 183 386
- 1.4896 0 1 tcp 1040 ------- 0 0.0 1.0 185 351
r 1.492933 1 0 ack 40 ------- 0 1.0 0.0 183 386
+ 1.492933 0 1 tcp 1040 ------- 0 0.0 1.0 203 387
r 1.4946 0 1 tcp 1040 ------- 0 0.0 1.0 184 349
+ 1.4946 1 0 ack 40 ------- 0 1.0 0.0 184 388
- 1.4946 1 0 ack 40 ------- 0 1.0 0.0 184 388
- 1.496533 0 1 tcp 1040 ------- 0 0.0 1.0 186 353
r 1.499867 1 0 ack 40 ------- 0 1.0 0.0 184 388
+ 1.499867 0 1 tcp 1040 ------- 0 0.0 1.0 204 389
r 1.501533 0 1 tcp 1040 ------- 0 0.0 1.0 185 351
+ 1.501533 1 0 ack 40 ------- 0 1.0 0.0 185 390
- 1.501533 1 0 ack 40 ------- 0 1.0 0.0 185 390
- 1.503467 0 1 tcp 1040 ------- 0 0.0 1.0 187 355
r 1.5068 1 0 ack 40 ------- 0 1.0 0.0 185 390
+ 1.5068 0 1 tcp 1040 ------- 0 0.0 1.0 205 391
r 1.508467 0 1 tcp 1040 ------- 0 0.0 1.0 186 353
+ 1.508467 1 0 ack 40 ------- 0 1.0 0.0 186 392
- 1.508467 1 0 ack 40 ------- 0 1.0 0.0 186 392
- 1.5104 0 1 tcp 1040 ------- 0 0.0 1.0 188 357
r 1.513733 1 0 ack 40 ------- 0 1.0 0.0 186 392
+ 1.513733 0 1 tcp 1040 ------- 0 0.0 1.0 206 393
r 1.5154 0 1 tcp 1040 ------- 0 0.0 1.0 187 355
+ 1.5154 1 0 ack 40 ------- 0 1.0 0.0 187 394
- 1.5154 1 0 ack 40 ------- 0 1.0 0.0 187 394
- 1.517333 0 1 tcp 1040 ------- 0 0.0 1.0 189 359
r 1.520667 1 0 ack 40 ------- 0 1.0 0.0 187 394
+ 1.520667 0 1 tcp 1040 ------- 0 0.0 1.0 207 395
r 1.522333 0 1 tcp 1040 ------- 0 0.0 1.0 188 357
+ 1.522333 1 0 ack 40 ------- 0 1.0 0.0 188 396
- 1.522333 1 0 ack 40 ------- 0 1.0 0.0 188 396
- 1.524267 0 1 tcp 1040 ------- 0 0.0 1.0 190 361
r 1.5276 1 0 ack 40 ------- 0 1.0 0.0 188 396
+ 1.5276 0 1 tcp 1040 ------- 0 0.0 1.0 208 397
r 1.529267 0 1 tcp 1040 ------- 0 0.0 1.0 189 359
+ 1.529267 1 0 ack 40 ------- 0 1.0 0.0 189 398
- 1.529267 1 0 ack 40 ------- 0 1.0 0.0 189 398
- 1.5312 0 1 tcp 1040 ------- 0 0.0 1.0 191 363
r 1.534533 1 0 ack 40 ------- 0 1.0 0.0 189 398
+ 1.534533 0 1 tcp 1040 ------- 0 0.0 1.0 209 399
r 1.5362 0 1 tcp 1040 ------- 0 0.0 1.0 190 361
+ 1.5362 1 0 ack 40 ------- 0 1.0 0.0 190 400
- 1.5362 1 0 ack 40 ------- 0 1.0 0.0 190 400
- 1.538133 0 1 tcp 1040 ------- 0 0.0 1.0 192 365
r 1.541467 1 0 ack 40 ------- 0 1.0 0.0 190 400
+ 1.541467 0 1 tcp 1040 ------- 0 0.0 1.0 210 401
r 1.543133 0 1 tcp 1040 ------- 0 0.0 1.0 191 363
+ 1.543133 1 0 ack 40 ------- 0 1.0 0.0 191 402
- 1.543133 1 0 ack 40 ------- 0 1.0 0.0 191 402
- 1.545067 0 1 tcp 1040 ------- 0 0.0 1.0 193 367
r 1.5484 1 0 ack 40 ------- 0 1.0 0.0 191 402
+ 1.5484 0 1 tcp 1040 ------- 0 0.0 1.0 211 403
r 1.550067 0 1 tcp 1040 ------- 0 0.0 1.0 192 365
+ 1.550067 1 0 ack 40 ------- 0 1.0 0.0 192 404
- 1.550067 1 0 ack 40 ------- 0 1.0 0.0 192 404
- 1.552 0 1 tcp 1040 ------- 0 0.0 1.0 194 369
r 1.555333 1 0 ack 40 ------- 0 1.0 0.0 192 404
+ 1.555333 0 1 tcp 1040 ------- 0 0.0 1.0 212 405
r 1.557 0 1 tcp 1040 ------- 0 0.0 1.0 193 367
+ 1.557 1 0 ack 40 ------- 0 1.0 0.0 193 406
- 1.557 1 0 ack 40 ------- 0 1.0 0.0 193 406
- 1.558933 0 1 tcp 1040 ------- 0 0.0 1.0 195 371
r 1.562267 1 0 ack 40 ------- 0 1.0 0.0 193 406
+ 1.562267 0 1 tcp 1040 ------- 0 0.0 1.0 213 407
r 1.563933 0 1 tcp 1040 ------- 0 0.0 1.0 194 369
+ 1.563933 1 0 ack 40 ------- 0 1.0 0.0 194 408
- 1.563933 1 0 ack 40 ------- 0 1.0 0.0 194 408
- 1.565867 0 1 tcp 1040 ------- 0 0.0 1.0 196 373
r 1.5692 1 0 ack 40 ------- 0 1.0 0.0 194 408
+ 1.5692 0 1 tcp 1040 ------- 0 0.0 1.0 214 409
r 1.570867 0 1 tcp 1040 ------- 0 0.0 1.0 195 371
+ 1.570867 1 0 ack 40 ------- 0 1.0 0.0 195 410
- 1.570867 1 0 ack 40 ------- 0 1.0 0.0 195 410
- 1.5728 0 1 tcp 1040 ------- 0 0.0 1.0 197 375
r 1.576133 1 0 ack 40 ------- 0 1.0 0.0 195 410
+ 1.576133 0 1 tcp 1040 ------- 0 0.0 1.0 215 411
r 1.5778 0 1 tcp 1040 ------- 0 0.0 1.0 196 373
+ 1.5778 1 0 ack 40 ------- 0 1.0 0.0 196 412
- 1.5778 1 0 ack 40 ------- 0 1.0 0.0 196 412
- 1.579733 0 1 tcp 1040 ------- 0 0.0 1.0 198 377
r 1.583067 1 0 ack 40 ------- 0 1.0 0.0 196 412
+ 1.583067 0 1 tcp 1040 ------- 0 0.0 1.0 216 413
r 1.584733 0 1 tcp 1040 ------- 0 0.0 1.0 197 375
+ 1.584733 1 0 ack 40 ------- 0 1.0 0.0 197 414
- 1.584733 1 0 ack 40 ------- 0 1.0 0.0 197 414
- 1.586667 0 1 tcp 1040 ------- 0 0.0 1.0 199 379
r 1.59 1 0 ack 40 ------- 0 1.0 0.0 197 414
+ 1.59 0 1 tcp 1040 ------- 0 0.0 1.0 217 415
r 1.591667 0 1 tcp 1040 ------- 0 0.0 1.0 198 377
+ 1.591667 1 0 ack 40 ------- 0 1.0 0.0 198 416
- 1.591667 1 0 ack 40 ------- 0 1.0 0.0 198 416
- 1.5936 0 1 tcp 1040 ------- 0 0.0 1.0 200 381
r 1.596933 1 0 ack 40 ------- 0 1.0 0.0 198 416
+ 1.596933 0 1 tcp 1040 ------- 0 0.0 1.0 218 417
r 1.5986 0 1 tcp 1040 ------- 0 0.0 1.0 199 379
+ 1.5986 1 0 ack 40 ------- 0 1.0 0.0 199 418
- 1.5986 1 0 ack 40 ------- 0 1.0 0.0 199 418
- 1.600533 0 1 tcp 1040 ------- 0 0.0 1.0 201 383
r 1.603867 1 0 ack 40 ------- 0 1.0 0.0 199 418
+ 1.603867 0 1 tcp 1040 ------- 0 0.0 1.0 219 419
r 1.605533 0 1 tcp 1040 ------- 0 0.0 1.0 200 381
+ 1.605533 1 0 ack 40 ------- 0 1.0 0.0 200 420
- 1.605533 1 0 ack 40 ------- 0 1.0 0.0 200 420
- 1.607467 0 1 tcp 1040 ------- 0 0.0 1.0 202 385
r 1.6108 1 0 ack 40 ------- 0 1.0 0.0 200 420
+ 1.6108 0 1 tcp 1040 ------- 0 0.0 1.0 220 421
r 1.612467 0 1 tcp 1040 ------- 0 0.0 1.0 201 383
+ 1.612467 1 0 ack 40 ------- 0 1.0 0.0 201 422
- 1.612467 1 0 ack 40 ------- 0 1.0 0.0 201 422
- 1.6144 0 1 tcp 1040 ------- 0 0.0 1.0 203 387
r 1.617733 1 0 ack 40 ------- 0 1.0 0.0 201 422
+ 1.617733 0 1 tcp 1040 ------- 0 0.0 1.0 221 423
r 1.6194 0 1 tcp 1040 ------- 0 0.0 1.0 202 385
+ 1.6194 1 0 ack 40 ------- 0 1.0 0.0 202 424
- 1.6194 1 0 ack 40 ------- 0 1.0 0.0 202 424
- 1.621333 0 1 tcp 1040 ------- 0 0.0 1.0 204 389
r 1.624667 1 0 ack 40 ------- 0 1.0 0.0 202 424
+ 1.624667 0 1 tcp 1040 ------- 0 0.0 1.0 222 425
r 1.626333 0 1 tcp 1040 ------- 0 0.0 1.0 203 387
+ 1.626333 1 0 ack 40 ------- 0 1.0 0.0 203 426
- 1.626333 1 0 ack 40 ------- 0 1.0 0.0 203 426
- 1.628267 0 1 tcp 1040 ------- 0 0.0 1.0 205 391
r 1.6316 1 0 ack 40 ------- 0 1.0 0.0 203 426
+ 1.6316 0 1 tcp 1040 ------- 0 0.0 1.0 223 427
r 1.633267 0 1 tcp 1040 ------- 0 0.0 1.0 204 389
+ 1.633267 1 0 ack 40 ------- 0 1.0 0.0 204 428
- 1.633267 1 0 ack 40 ------- 0 1.0 0.0 204 428
- 1.6352 0 1 tcp 1040 ------- 0 0.0 1.0 206 393
r 1.638533 1 0 ack 40 ------- 0 1.0 0.0 204 428
+ 1.638533 0 1 tcp 1040 ------- 0 0.0 1.0 224 429
r 1.6402 0 1 tcp 1040 ------- 0 0.0 1.0 205 391
+ 1.6402 1 0 ack 40 ------- 0 1.0 0.0 205 430
- 1.6402 1 0 ack 40 ------- 0 1.0 0.0 205 430
- 1.642133 0 1 tcp 1040 ------- 0 0.0 1.0 207 395
r 1.645467 1 0 ack 40 ------- 0 1.0 0.0 205 430
+ 1.645467 0 1 tcp 1040 ------- 0 0.0 1.0 225 431
r 1.647133 0 1 tcp 1040 ------- 0 0.0 1.0 206 393
+ 1.647133 1 0 ack 40 ------- 0 1.0 0.0 206 432
- 1.647133 1 0 ack 40 ------- 0 1.0 0.0 206 432
- 1.649067 0 1 tcp 1040 ------- 0 0.0 1.0 208 397
r 1.6524 1 0 ack 40 ------- 0 1.0 0.0 206 432
+ 1.6524 0 1 tcp 1040 ------- 0 0.0 1.0 226 433
r 1.654067 0 1 tcp 1040 ------- 0 0.0 1.0 207 395
+ 1.654067 1 0 ack 40 ------- 0 1.0 0.0 207 434
- 1.654067 1 0 ack 40 ------- 0 1.0 0.0 207 434
- 1.656 0 1 tcp 1040 ------- 0 0.0 1.0 209 399
r 1.659333 1 0 ack 40 ------- 0 1.0 0.0 207 434
+ 1.659333 0 1 tcp 1040 ------- 0 0.0 1.0 227 435
r 1.661 0 1 tcp 1040 ------- 0 0.0 1.0 208 397
+ 1.661 1 0 ack 40 ------- 0 1.0 0.0 208 436
- 1.661 1 0 ack 40 ------- 0 1.0 0.0 208 436
- 1.662933 0 1 tcp 1040 ------- 0 0.0 1.0 210 401
r 1.666267 1 0 ack 40 ------- 0 1.0 0.0 208 436
+ 1.666267 0 1 tcp 1040 ------- 0 0.0 1.0 228 437
r 1.667933 0 1 tcp 1040 ------- 0 0.0 1.0 209 399
+ 1.667933 1 0 ack 40 ------- 0 1.0 0.0 209 438
- 1.667933 1 0 ack 40 ------- 0 1.0 0.0 209 438
- 1.669867 0 1 tcp 1040 ------- 0 0.0 1.0 211 403
r 1.6732 1 0 ack 40 ------- 0 1.0 0.0 209 438
+ 1.6732 0 1 tcp 1040 ------- 0 0.0 1.0 229 439
r 1.674867 0 1 tcp 1040 ------- 0 0.0 1.0 210 401
+ 1.674867 1 0 ack 40 ------- 0 1.0 0.0 210 440
- 1.674867 1 0 ack 40 ------- 0 1.0 0.0 210 440
- 1.6768 0 1 tcp 1040 ------- 0 0.0 1.0 212 405
r 1.680133 1 0 ack 40 ------- 0 1.0 0.0 210 440
+ 1.680133 0 1 tcp 1040 ------- 0 0.0 1.0 230 441
r 1.6818 0 1 tcp 1040 ------- 0 0.0 1.0 211 403
+ 1.6818 1 0 ack 40 ------- 0 1.0 0.0 211 442
- 1.6818 1 0 ack 40 ------- 0 1.0 0.0 211 442
- 1.683733 0 1 tcp 1040 ------- 0 0.0 1.0 213 407
r 1.687067 1 0 ack 40 ------- 0 1.0 0.0 211 442
+ 1.687067 0 1 tcp 1040 ------- 0 0.0 1.0 231 443
r 1.688733 0 1 tcp 1040 ------- 0 0.0 1.0 212 405
+ 1.688733 1 0 ack 40 ------- 0 1.0 0.0 212 444
- 1.688733 1 0 ack 40 ------- 0 1.0 0.0 212 444
- 1.690667 0 1 tcp 1040 ------- 0 0.0 1.0 214 409
r 1.694 1 0 ack 40 ------- 0 1.0 0.0 212 444
+ 1.694 0 1 tcp 1040 ------- 0 0.0 1.0 232 445
r 1.695667 0 1 tcp 1040 ------- 0 0.0 1.0 213 407
+ 1.695667 1 0 ack 40 ------- 0 1.0 0.0 213 446
- 1.695667 1 0 ack 40 ------- 0 1.0 0.0 213 446
- 1.6976 0 1 tcp 1040 ------- 0 0.0 1.0 215 411
r 1.700933 1 0 ack 40 ------- 0 1.0 0.0 213 446
+ 1.700933 0 1 tcp 1040 ------- 0 0.0 1.0 233 447
r 1.7026 0 1 tcp 1040 ------- 0 0.0 1.0 214 409
+ 1.7026 1 0 ack 40 ------- 0 1.0 0.0 214 448
- 1.7026 1 0 ack 40 ------- 0 1.0 0.0 214 448
- 1.704533 0 1 tcp 1040 ------- 0 0.0 1.0 216 413
r 1.707867 1 0 ack 40 ------- 0 1.0 0.0 214 448
+ 1.707867 0 1 tcp 1040 ------- 0 0.0 1.0 234 449
r 1.709533 0 1 tcp 1040 ------- 0 0.0 1.0 215 411
+ 1.709533 1 0 ack 40 ------- 0 1.0 0.0 215 450
- 1.709533 1 0 ack 40 ------- 0 1.0 0.0 215 450
- 1.711467 0 1 tcp 1040 ------- 0 0.0 1.0 217 415
r 1.7148 1 0 ack 40 ------- 0 1.0 0.0 215 450
+ 1.7148 0 1 tcp 1040 ------- 0 0.0 1.0 235 451
r 1.716467 0 1 tcp 1040 ------- 0 0.0 1.0 216 413
+ 1.716467 1 0 ack 40 ------- 0 1.0 0.0 216 452
- 1.716467 1 0 ack 40 ------- 0 1.0 0.0 216 452
- 1.7184 0 1 tcp 1040 ------- 0 0.0 1.0 218 417
r 1.721733 1 0 ack 40 ------- 0 1.0 0.0 216 452
+ 1.721733 0 1 tcp 1040 ------- 0 0.0 1.0 236 453
r 1.7234 0 1 tcp 1040 ------- 0 0.0 1.0 217 415
+ 1.7234 1 0 ack 40 ------- 0 1.0 0.0 217 454
- 1.7234 1 0 ack 40 ------- 0 1.0 0.0 217 454
- 1.725333 0 1 tcp 1040 ------- 0 0.0 1.0 219 419
r 1.728667 1 0 ack 40 ------- 0 1.0 0.0 217 454
+ 1.728667 0 1 tcp 1040 ------- 0 0.0 1.0 237 455
r 1.730333 0 1 tcp 1040 ------- 0 0.0 1.0 218 417
+ 1.730333 1 0 ack 40 ------- 0 1.0 0.0 218 456
- 1.730333 1 0 ack 40 ------- 0 1.0 0.0 218 456
- 1.732267 0 1 tcp 1040 ------- 0 0.0 1.0 220 421
r 1.7356 1 0 ack 40 ------- 0 1.0 0.0 218 456
+ 1.7356 0 1 tcp 1040 ------- 0 0.0 1.0 238 457
r 1.737267 0 1 tcp 1040 ------- 0 0.0 1.0 219 419
+ 1.737267 1 0 ack 40 ------- 0 1.0 0.0 219 458
- 1.737267 1 0 ack 40 ------- 0 1.0 0.0 219 458
- 1.7392 0 1 tcp 1040 ------- 0 0.0 1.0 221 423
r 1.742533 1 0 ack 40 ------- 0 1.0 0.0 219 458
+ 1.742533 0 1 tcp 1040 ------- 0 0.0 1.0 239 459
r 1.7442 0 1 tcp 1040 ------- 0 0.0 1.0 220 421
+ 1.7442 1 0 ack 40 ------- 0 1.0 0.0 220 460
- 1.7442 1 0 ack 40 ------- 0 1.0 0.0 220 460
- 1.746133 0 1 tcp 1040 ------- 0 0.0 1.0 222 425
r 1.749467 1 0 ack 40 ------- 0 1.0 0.0 220 460
+ 1.749467 0 1 tcp 1040 ------- 0 0.0 1.0 240 461
r 1.751133 0 1 tcp 1040 ------- 0 0.0 1.0 221 423
+ 1.751133 1 0 ack 40 ------- 0 1.0 0.0 221 462
- 1.751133 1 0 ack 40 ------- 0 1.0 0.0 221 462
- 1.753067 0 1 tcp 1040 ------- 0 0.0 1.0 223 427
r 1.7564 1 0 ack 40 ------- 0 1.0 0.0 221 462
+ 1.7564 0 1 tcp 1040 ------- 0 0.0 1.0 241 463
r 1.758067 0 1 tcp 1040 ------- 0 0.0 1.0 222 425
+ 1.758067 1 0 ack 40 ------- 0 1.0 0.0 222 464
- 1.758067 1 0 ack 40 ------- 0 1.0 0.0 222 464
- 1.76 0 1 tcp 1040 ------- 0 0.0 1.0 224 429
r 1.763333 1 0 ack 40 ------- 0 1.0 0.0 222 464
+ 1.763333 0 1 tcp 1040 ------- 0 0.0 1.0 242 465
r 1.765 0 1 tcp 1040 ------- 0 0.0 1.0 223 427
+ 1.765 1 0 ack 40 ------- 0 1.0 0.0 223 466
- 1.765 1 0 ack 40 ------- 0 1.0 0.0 223 466
- 1.766933 0 1 tcp 1040 ------- 0 0.0 1.0 225 431
r 1.770267 1 0 ack 40 ------- 0 1.0 0.0 223 466
+ 1.770267 0 1 tcp 1040 ------- 0 0.0 1.0 243 467
r 1.771933 0 1 tcp 1040 ------- 0 0.0 1.0 224 429
+ 1.771933 1 0 ack 40 ------- 0 1.0 0.0 224 468
- 1.771933 1 0 ack 40 ------- 0 1.0 0.0 224 468
- 1.773867 0 1 tcp 1040 ------- 0 0.0 1.0 226 433
r 1.7772 1 0 ack 40 ------- 0 1.0 0.0 224 468
+ 1.7772 0 1 tcp 1040 ------- 0 0.0 1.0 244 469
r 1.778867 0 1 tcp 1040 ------- 0 0.0 1.0 225 431
+ 1.778867 1 0 ack 40 ------- 0 1.0 0.0 225 470
- 1.778867 1 0 ack 40 ------- 0 1.0 0.0 225 470
- 1.7808 0 1 tcp 1040 ------- 0 0.0 1.0 227 435
r 1.784133 1 0 ack 40 ------- 0 1.0 0.0 225 470
+ 1.784133 0 1 tcp 1040 ------- 0 0.0 1.0 245 471
r 1.7858 0 1 tcp 1040 ------- 0 0.0 1.0 226 433
+ 1.7858 1 0 ack 40 ------- 0 1.0 0.0 226 472
- 1.7858 1 0 ack 40 ------- 0 1.0 0.0 226 472
- 1.787733 0 1 tcp 1040 ------- 0 0.0 1.0 228 437
r 1.791067 1 0 ack 40 ------- 0 1.0 0.0 226 472
+ 1.791067 0 1 tcp 1040 ------- 0 0.0 1.0 246 473
r 1.792733 0 1 tcp 1040 ------- 0 0.0 1.0 227 435
+ 1.792733 1 0 ack 40 ------- 0 1.0 0.0 227 474
- 1.792733 1 0 ack 40 ------- 0 1.0 0.0 227 474
- 1.794667 0 1 tcp 1040 ------- 0 0.0 1.0 229 439
r 1.798 1 0 ack 40 ------- 0 1.0 0.0 227 474
+ 1.798 0 1 tcp 1040 ------- 0 0.0 1.0 247 475
r 1.799667 0 1 tcp 1040 ------- 0 0.0 1.0 228 437
+ 1.799667 1 0 ack 40 ------- 0 1.0 0.0 228 476
- 1.799667 1 0 ack 40 ------- 0 1.0 0.0 228 476
- 1.8016 0 1 tcp 1040 ------- 0 0.0 1.0 230 441
r 1.804933 1 0 ack 40 ------- 0 1.0 0.0 228 476
+ 1.804933 0 1 tcp 1040 ------- 0 0.0 1.0 248 477
r 1.8066 0 1 tcp 1040 ------- 0 0.0 1.0 229 439
+ 1.8066 1 0 ack 40 ------- 0 1.0 0.0 229 478
- 1.8066 1 0 ack 40 ------- 0 1.0 0.0 229 478
- 1.808533 0 1 tcp 1040 ------- 0 0.0 1.0 231 443
r 1.811867 1 0 ack 40 ------- 0 1.0 0.0 229 478
+ 1.811867 0 1 tcp 1040 ------- 0 0.0 1.0 249 479
r 1.813533 0 1 tcp 1040 ------- 0 0.0 1.0 230 441
+ 1.813533 1 0 ack 40 ------- 0 1.0 0.0 230 480
- 1.813533 1 0 ack 40 ------- 0 1.0 0.0 230 480
- 1.815467 0 1 tcp 1040 ------- 0 0.0 1.0 232 445
r 1.8188 1 0 ack 40 ------- 0 1.0 0.0 230 480
+ 1.8188 0 1 tcp 1040 ------- 0 0.0 1.0 250 481
r 1.820467 0 1 tcp 1040 ------- 0 0.0 1.0 231 443
+ 1.820467 1 0 ack 40 ------- 0 1.0 0.0 231 482
- 1.820467 1 0 ack 40 ------- 0 1.0 0.0 231 482
- 1.8224 0 1 tcp 1040 ------- 0 0.0 1.0 233 447
r 1.825733 1 0 ack 40 ------- 0 1.0 0.0 231 482
+ 1.825733 0 1 tcp 1040 ------- 0 0.0 1.0 251 483
r 1.8274 0 1 tcp 1040 ------- 0 0.0 1.0 232 445
+ 1.8274 1 0 ack 40 ------- 0 1.0 0.0 232 484
- 1.8274 1 0 ack 40 ------- 0 1.0 0.0 232 484
- 1.829333 0 1 tcp 1040 ------- 0 0.0 1.0 234 449
r 1.832667 1 0 ack 40 ------- 0 1.0 0.0 232 484
+ 1.832667 0 1 tcp 1040 ------- 0 0.0 1.0 252 485
r 1.834333 0 1 tcp 1040 ------- 0 0.0 1.0 233 447
+ 1.834333 1 0 ack 40 ------- 0 1.0 0.0 233 486
- 1.834333 1 0 ack 40 ------- 0 1.0 0.0 233 486
- 1.836267 0 1 tcp 1040 ------- 0 0.0 1.0 235 451
r 1.8396 1 0 ack 40 ------- 0 1.0 0.0 233 486
+ 1.8396 0 1 tcp 1040 ------- 0 0.0 1.0 253 487
r 1.841267 0 1 tcp 1040 ------- 0 0.0 1.0 234 449
+ 1.841267 1 0 ack 40 ------- 0 1.0 0.0 234 488
- 1.841267 1 0 ack 40 ------- 0 1.0 0.0 234 488
- 1.8432 0 1 tcp 1040 ------- 0 0.0 1.0 236 453
r 1.846533 1 0 ack 40 ------- 0 1.0 0.0 234 488
+ 1.846533 0 1 tcp 1040 ------- 0 0.0 1.0 254 489
r 1.8482 0 1 tcp 1040 ------- 0 0.0 1.0 235 451
+ 1.8482 1 0 ack 40 ------- 0 1.0 0.0 235 490
- 1.8482 1 0 ack 40 ------- 0 1.0 0.0 235 490
- 1.850133 0 1 tcp 1040 ------- 0 0.0 1.0 237 455
r 1.853467 1 0 ack 40 ------- 0 1.0 0.0 235 490
+ 1.853467 0 1 tcp 1040 ------- 0 0.0 1.0 255 491
r 1.855133 0 1 tcp 1040 ------- 0 0.0 1.0 236 453
+ 1.855133 1 0 ack 40 ------- 0 1.0 0.0 236 492
- 1.855133 1 0 ack 40 ------- 0 1.0 0.0 236 492
- 1.857067 0 1 tcp 1040 ------- 0 0.0 1.0 238 457
r 1.8604 1 0 ack 40 ------- 0 1.0 0.0 236 492
+ 1.8604 0 1 tcp 1040 ------- 0 0.0 1.0 256 493
r 1.862067 0 1 tcp 1040 ------- 0 0.0 1.0 237 455
+ 1.862067 1 0 ack 40 ------- 0 1.0 0.0 237 494
- 1.862067 1 0 ack 40 ------- 0 1.0 0.0 237 494
- 1.864 0 1 tcp 1040 ------- 0 0.0 1.0 239 459
r 1.867333 1 0 ack 40 ------- 0 1.0 0.0 237 494
+ 1.867333 0 1 tcp 1040 ------- 0 0.0 1.0 257 495
r 1.869 0 1 tcp 1040 ------- 0 0.0 1.0 238 457
+ 1.869 1 0 ack 40 ------- 0 1.0 0.0 238 496
- 1.869 1 0 ack 40 ------- 0 1.0 0.0 238 496
- 1.870933 0 1 tcp 1040 ------- 0 0.0 1.0 240 461
r 1.874267 1 0 ack 40 ------- 0 1.0 0.0 238 496
+ 1.874267 0 1 tcp 1040 ------- 0 0.0 1.0 258 497
r 1.875933 0 1 tcp 1040 ------- 0 0.0 1.0 239 459
+ 1.875933 1 0 ack 40 ------- 0 1.0 0.0 239 498
- 1.875933 1 0 ack 40 ------- 0 1.0 0.0 239 498
- 1.877867 0 1 tcp 1040 ------- 0 0.0 1.0 241 463
r 1.8812 1 0 ack 40 ------- 0 1.0 0.0 239 498
+ 1.8812 0 1 tcp 1040 ------- 0 0.0 1.0 259 499
r 1.882867 0 1 tcp 1040 ------- 0 0.0 1.0 240 461
+ 1.882867 1 0 ack 40 ------- 0 1.0 0.0 240 500
- 1.882867 1 0 ack 40 ------- 0 1.0 0.0 240 500
- 1.8848 0 1 tcp 1040 ------- 0 0.0 1.0 242 465
r 1.888133 1 0 ack 40 ------- 0 1.0 0.0 240 500
+ 1.888133 0 1 tcp 1040 ------- 0 0.0 1.0 260 501
r 1.8898 0 1 tcp 1040 ------- 0 0.0 1.0 241 463
+ 1.8898 1 0 ack 40 ------- 0 1.0 0.0 241 502
- 1.8898 1 0 ack 40 ------- 0 1.0 0.0 241 502
- 1.891733 0 1 tcp 1040 ------- 0 0.0 1.0 243 467
r 1.895067 1 0 ack 40 ------- 0 1.0 0.0 241 502
+ 1.895067 0 1 tcp 1040 ------- 0 0.0 1.0 261 503
r 1.896733 0 1 tcp 1040 ------- 0 0.0 1.0 242 465
+ 1.896733 1 0 ack 40 ------- 0 1.0 0.0 242 504
- 1.896733 1 0 ack 40 ------- 0 1.0 0.0 242 504
- 1.898667 0 1 tcp 1040 ------- 0 0.0 1.0 244 469
r 1.902 1 0 ack 40 ------- 0 1.0 0.0 242 504
+ 1.902 0 1 tcp 1040 ------- 0 0.0 1.0 262 505
r 1.903667 0 1 tcp 1040 ------- 0 0.0 1.0 243 467
+ 1.903667 1 0 ack 40 ------- 0 1.0 0.0 243 506
- 1.903667 1 0 ack 40 ------- 0 1.0 0.0 243 506
- 1.9056 0 1 tcp 1040 ------- 0 0.0 1.0 245 471
r 1.908933 1 0 ack 40 ------- 0 1.0 0.0 243 506
+ 1.908933 0 1 tcp 1040 ------- 0 0.0 1.0 263 507
r 1.9106 0 1 tcp 1040 ------- 0 0.0 1.0 244 469
+ 1.9106 1 0 ack 40 ------- 0 1.0 0.0 244 508
- 1.9106 1 0 ack 40 ------- 0 1.0 0.0 244 508
- 1.912533 0 1 tcp 1040 ------- 0 0.0 1.0 246 473
r 1.915867 1 0 ack 40 ------- 0 1.0 0.0 244 508
+ 1.915867 0 1 tcp 1040 ------- 0 0.0 1.0 264 509
r 1.917533 0 1 tcp 1040 ------- 0 0.0 1.0 245 471
+ 1.917533 1 0 ack 40 ------- 0 1.0 0.0 245 510
- 1.917533 1 0 ack 40 ------- 0 1.0 0.0 245 510
- 1.919467 0 1 tcp 1040 ------- 0 0.0 1.0 247 475
r 1.9228 1 0 ack 40 ------- 0 1.0 0.0 245 510
+ 1.9228 0 1 tcp 1040 ------- 0 0.0 1.0 265 511
r 1.924467 0 1 tcp 1040 ------- 0 0.0 1.0 246 473
+ 1.924467 1 0 ack 40 ------- 0 1.0 0.0 246 512
- 1.924467 1 0 ack 40 ------- 0 1.0 0.0 246 512
- 1.9264 0 1 tcp 1040 ------- 0 0.0 1.0 248 477
r 1.929733 1 0 ack 40 ------- 0 1.0 0.0 246 512
+ 1.929733 0 1 tcp 1040 ------- 0 0.0 1.0 266 513
r 1.9314 0 1 tcp 1040 ------- 0 0.0 1.0 247 475
+ 1.9314 1 0 ack 40 ------- 0 1.0 0.0 247 514
- 1.9314 1 0 ack 40 ------- 0 1.0 0.0 247 514
- 1.933333 0 1 tcp 1040 ------- 0 0.0 1.0 249 479
r 1.936667 1 0 ack 40 ------- 0 1.0 0.0 247 514
+ 1.936667 0 1 tcp 1040 ------- 0 0.0 1.0 267 515
r 1.938333 0 1 tcp 1040 ------- 0 0.0 1.0 248 477
+ 1.938333 1 0 ack 40 ------- 0 1.0 0.0 248 516
- 1.938333 1 0 ack 40 ------- 0 1.0 0.0 248 516
- 1.940267 0 1 tcp 1040 ------- 0 0.0 1.0 250 481
r 1.9436 1 0 ack 40 ------- 0 1.0 0.0 248 516
+ 1.9436 0 1 tcp 1040 ------- 0 0.0 1.0 268 517
r 1.945267 0 1 tcp 1040 ------- 0 0.0 1.0 249 479
+ 1.945267 1 0 ack 40 ------- 0 1.0 0.0 249 518
- 1.945267 1 0 ack 40 ------- 0 1.0 0.0 249 518
- 1.9472 0 1 tcp 1040 ------- 0 0.0 1.0 251 483
r 1.950533 1 0 ack 40 ------- 0 1.0 0.0 249 518
+ 1.950533 0 1 tcp 1040 ------- 0 0.0 1.0 269 519
r 1.9522 0 1 tcp 1040 ------- 0 0.0 1.0 250 481
+ 1.9522 1 0 ack 40 ------- 0 1.0 0.0 250 520
- 1.9522 1 0 ack 40 ------- 0 1.0 0.0 250 520
- 1.954133 0 1 tcp 1040 ------- 0 0.0 1.0 252 485
r 1.957467 1 0 ack 40 ------- 0 1.0 0.0 250 520
+ 1.957467 0 1 tcp 1040 ------- 0 0.0 1.0 270 521
r 1.959133 0 1 tcp 1040 ------- 0 0.0 1.0 251 483
+ 1.959133 1 0 ack 40 ------- 0 1.0 0.0 251 522
- 1.959133 1 0 ack 40 ------- 0 1.0 0.0 251 522
- 1.961067 0 1 tcp 1040 ------- 0 0.0 1.0 253 487
r 1.9644 1 0 ack 40 ------- 0 1.0 0.0 251 522
+ 1.9644 0 1 tcp 1040 ------- 0 0.0 1.0 271 523
r 1.966067 0 1 tcp 1040 ------- 0 0.0 1.0 252 485
+ 1.966067 1 0 ack 40 ------- 0 1.0 0.0 252 524
- 1.966067 1 0 ack 40 ------- 0 1.0 0.0 252 524
- 1.968 0 1 tcp 1040 ------- 0 0.0 1.0 254 489
r 1.971333 1 0 ack 40 ------- 0 1.0 0.0 252 524
+ 1.971333 0 1 tcp 1040 ------- 0 0.0 1.0 272 525
r 1.973 0 1 tcp 1040 ------- 0 0.0 1.0 253 487
+ 1.973 1 0 ack 40 ------- 0 1.0 0.0 253 526
- 1.973 1 0 ack 40 ------- 0 1.0 0.0 253 526
- 1.974933 0 1 tcp 1040 ------- 0 0.0 1.0 255 491
r 1.978267 1 0 ack 40 ------- 0 1.0 0.0 253 526
+ 1.978267 0 1 tcp 1040 ------- 0 0.0 1.0 273 527
r 1.979933 0 1 tcp 1040 ------- 0 0.0 1.0 254 489
+ 1.979933 1 0 ack 40 ------- 0 1.0 0.0 254 528
- 1.979933 1 0 ack 40 ------- 0 1.0 0.0 254 528
- 1.981867 0 1 tcp 1040 ------- 0 0.0 1.0 256 493
r 1.9852 1 0 ack 40 ------- 0 1.0 0.0 254 528
+ 1.9852 0 1 tcp 1040 ------- 0 0.0 1.0 274 529
r 1.986867 0 1 tcp 1040 ------- 0 0.0 1.0 255 491
+ 1.986867 1 0 ack 40 ------- 0 1.0 0.0 255 530
- 1.986867 1 0 ack 40 ------- 0 1.0 0.0 255 530
- 1.9888 0 1 tcp 1040 ------- 0 0.0 1.0 257 495
r 1.992133 1 0 ack 40 ------- 0 1.0 0.0 255 530
+ 1.992133 0 1 tcp 1040 ------- 0 0.0 1.0 275 531
r 1.9938 0 1 tcp 1040 ------- 0 0.0 1.0 256 493
+ 1.9938 1 0 ack 40 ------- 0 1.0 0.0 256 532
- 1.9938 1 0 ack 40 ------- 0 1.0 0.0 256 532
- 1.995733 0 1 tcp 1040 ------- 0 0.0 1.0 258 497
r 1.999067 1 0 ack 40 ------- 0 1.0 0.0 256 532
+ 1.999067 0 1 tcp 1040 ------- 0 0.0 1.0 276 533
r 2.000733 0 1 tcp 1040 ------- 0 0.0 1.0 257 495
+ 2.000733 1 0 ack 40 ------- 0 1.0 0.0 257 534
- 2.000733 1 0 ack 40 ------- 0 1.0 0.0 257 534
- 2.002667 0 1 tcp 1040 ------- 0 0.0 1.0 259 499
r 2.006 1 0 ack 40 ------- 0 1.0 0.0 257 534
r 2.007667 0 1 tcp 1040 ------- 0 0.0 1.0 258 497
+ 2.007667 1 0 ack 40 ------- 0 1.0 0.0 258 535
- 2.007667 1 0 ack 40 ------- 0 1.0 0.0 258 535
- 2.0096 0 1 tcp 1040 ------- 0 0.0 1.0 260 501
r 2.012933 1 0 ack 40 ------- 0 1.0 0.0 258 535
r 2.0146 0 1 tcp 1040 ------- 0 0.0 1.0 259 499
+ 2.0146 1 0 ack 40 ------- 0 1.0 0.0 259 536
- 2.0146 1 0 ack 40 ------- 0 1.0 0.0 259 536
- 2.016533 0 1 tcp 1040 ------- 0 0.0 1.0 261 503
r 2.019867 1 0 ack 40 ------- 0 1.0 0.0 259 536
r 2.021533 0 1 tcp 1040 ------- 0 0.0 1.0 260 501
+ 2.021533 1 0 ack 40 ------- 0 1.0 0.0 260 537
- 2.021533 1 0 ack 40 ------- 0 1.0 0.0 260 537
- 2.023467 0 1 tcp 1040 ------- 0 0.0 1.0 262 505
r 2.0268 1 0 ack 40 ------- 0 1.0 0.0 260 537
r 2.028467 0 1 tcp 1040 ------- 0 0.0 1.0 261 503
+ 2.028467 1 0 ack 40 ------- 0 1.0 0.0 261 538
- 2.028467 1 0 ack 40 ------- 0 1.0 0.0 261 538
- 2.0304 0 1 tcp 1040 ------- 0 0.0 1.0 263 507
r 2.033733 1 0 ack 40 ------- 0 1.0 0.0 261 538
r 2.0354 0 1 tcp 1040 ------- 0 0.0 1.0 262 505
+ 2.0354 1 0 ack 40 ------- 0 1.0 0.0 262 539
- 2.0354 1 0 ack 40 ------- 0 1.0 0.0 262 539
- 2.037333 0 1 tcp 1040 ------- 0 0.0 1.0 264 509
r 2.040667 1 0 ack 40 ------- 0 1.0 0.0 262 539
r 2.042333 0 1 tcp 1040 ------- 0 0.0 1.0 263 507
+ 2.042333 1 0 ack 40 ------- 0 1.0 0.0 263 540
- 2.042333 1 0 ack 40 ------- 0 1.0 0.0 263 540
- 2.044267 0 1 tcp 1040 ------- 0 0.0 1.0 265 511
r 2.0476 1 0 ack 40 ------- 0 1.0 0.0 263 540
r 2.049267 0 1 tcp 1040 ------- 0 0.0 1.0 264 509
+ 2.049267 1 0 ack 40 ------- 0 1.0 0.0 264 541
- 2.049267 1 0 ack 40 ------- 0 1.0 0.0 264 541
- 2.0512 0 1 tcp 1040 ------- 0 0.0 1.0 266 513
r 2.054533 1 0 ack 40 ------- 0 1.0 0.0 264 541
r 2.0562 0 1 tcp 1040 ------- 0 0.0 1.0 265 511
+ 2.0562 1 0 ack 40 ------- 0 1.0 0.0 265 542
- 2.0562 1 0 ack 40 ------- 0 1.0 0.0 265 542
- 2.058133 0 1 tcp 1040 ------- 0 0.0 1.0 267 515
r 2.061467 1 0 ack 40 ------- 0 1.0 0.0 265 542
r 2.063133 0 1 tcp 1040 ------- 0 0.0 1.0 266 513
+ 2.063133 1 0 ack 40 ------- 0 1.0 0.0 266 543
- 2.063133 1 0 ack 40 ------- 0 1.0 0.0 266 543
- 2.065067 0 1 tcp 1040 ------- 0 0.0 1.0 268 517
r 2.0684 1 0 ack 40 ------- 0 1.0 0.0 266 543
r 2.070067 0 1 tcp 1040 ------- 0 0.0 1.0 267 515
+ 2.070067 1 0 ack 40 ------- 0 1.0 0.0 267 544
- 2.070067 1 0 ack 40 ------- 0 1.0 0.0 267 544
- 2.072 0 1 tcp 1040 ------- 0 0.0 1.0 269 519
r 2.075333 1 0 ack 40 ------- 0 1.0 0.0 267 544
r 2.077 0 1 tcp 1040 ------- 0 0.0 1.0 268 517
+ 2.077 1 0 ack 40 ------- 0 1.0 0.0 268 545
- 2.077 1 0 ack 40 ------- 0 1.0 0.0 268 545
- 2.078933 0 1 tcp 1040 ------- 0 0.0 1.0 270 521
r 2.082267 1 0 ack 40 ------- 0 1.0 0.0 268 545
r 2.083933 0 1 tcp 1040 ------- 0 0.0 1.0 269 519
+ 2.083933 1 0 ack 40 ------- 0 1.0 0.0 269 546
- 2.083933 1 0 ack 40 ------- 0 1.0 0.0 269 546
- 2.085867 0 1 tcp 1040 ------- 0 0.0 1.0 271 523
r 2.0892 1 0 ack 40 ------- 0 1.0 0.0 269 546
r 2.090867 0 1 tcp 1040 ------- 0 0.0 1.0 270 521
+ 2.090867 1 0 ack 40 ------- 0 1.0 0.0 270 547
- 2.090867 1 0 ack 40 ------- 0 1.0 0.0 270 547
- 2.0928 0 1 tcp 1040 ------- 0 0.0 1.0 272 525
r 2.096133 1 0 ack 40 ------- 0 1.0 0.0 270 547
r 2.0978 0 1 tcp 1040 ------- 0 0.0 1.0 271 523
+ 2.0978 1 0 ack 40 ------- 0 1.0 0.0 271 548
- 2.0978 1 0 ack 40 ------- 0 1.0 0.0 271 548
- 2.099733 0 1 tcp 1040 ------- 0 0.0 1.0 273 527
r 2.103067 1 0 ack 40 ------- 0 1.0 0.0 271 548
r 2.104733 0 1 tcp 1040 ------- 0 0.0 1.0 272 525
+ 2.104733 1 0 ack 40 ------- 0 1.0 0.0 272 549
- 2.104733 1 0 ack 40 ------- 0 1.0 0.0 272 549
- 2.106667 0 1 tcp 1040 ------- 0 0.0 1.0 274 529
r 2.11 1 0 ack 40 ------- 0 1.0 0.0 272 549
r 2.111667 0 1 tcp 1040 ------- 0 0.0 1.0 273 527
+ 2.111667 1 0 ack 40 ------- 0 1.0 0.0 273 550
- 2.111667 1 0 ack 40 ------- 0 1.0 0.0 273 550
- 2.1136 0 1 tcp 1040 ------- 0 0.0 1.0 275 531
r 2.116933 1 0 ack 40 ------- 0 1.0 0.0 273 550
r 2.1186 0 1 tcp 1040 ------- 0 0.0 1.0 274 529
+ 2.1186 1 0 ack 40 ------- 0 1.0 0.0 274 551
- 2.1186 1 0 ack 40 ------- 0 1.0 0.0 274 551
- 2.120533 0 1 tcp 1040 ------- 0 0.0 1.0 276 533
r 2.123867 1 0 ack 40 ------- 0 1.0 0.0 274 551
r 2.125533 0 1 tcp 1040 ------- 0 0.0 1.0 275 531
+ 2.125533 1 0 ack 40 ------- 0 1.0 0.0 275 552
- 2.125533 1 0 ack 40 ------- 0 1.0 0.0 275 552
r 2.1308 1 0 ack 40 ------- 0 1.0 0.0 275 552
r 2.132467 0 1 tcp 1040 ------- 0 0.0 1.0 276 533
+ 2.132467 1 0 ack 40 ------- 0 1.0 0.0 276 553
- 2.132467 1 0 ack 40 ------- 0 1.0 0.0 276 553
r 2.137733 1 0 ack 40 ------- 0 1.0 0.0 276 553
